Met file for roof of Peavy Hall, OSU, Oregon, USA
Note on data: Lines 1014-1156: Missing PAR data. PAR set to -9999; Lines 415-416: Missing TAIR, WIND, RH%, PRESS, & PAR. TAIR, WIND, RH% set to weighted average of values before and after. PAR set to -9999; Line 1394: Missing TAIR, WIND, RH%, PRESS, & PAR. TAIR, WIND, RH% set to average of values before and after. PAR set to -9999

&environ
difsky = 0.0
ca = 400.0
press = 100650.321378668
/

&latlong
lat=44.564274
long=-123.2845069
tzlong=120
lonhem='W'
lathem='N'
/

startdate and enddate format: dd/mm/yy
&metformat
dayorhr=1
khrsperday=48
nocolumns=6
startdate='29/02/14'
enddate='13/04/14'
columns='DATE'	'TAIR'	'WIND'	'RH%'	'PRESS'	'PAR'
/

DATA STARTS
60	9.69	0.63	67.39	98900	0
60	9.42	0.64	74.43	98900	0
60	9.04	0.49	78.31	99000	0
60	9	0.73	77.23	99000	0
60	8.77	0.63	78.62	99000	0
60	8.79	0.36	78.62	99070	0
60	8.8	0.55	78.99	99100	0
60	8.47	1.07	81.42	99100	0
60	8.2	0.62	84.09	99100	0
60	8.19	0.63	84.51	99200	0
60	8.15	0.7	83.73	99200	0
60	8.1	0.67	82.02	99200	0
60	8.02	0.95	82.67	99300	0.00475
60	8.06	0.49	81.96	99300	0.01471
60	7.93	0.69	83.02	99340	0.03507
60	7.8	0.69	83.97	99400	0.05787
60	8.14	0.31	81.85	99400	0.11178
60	8.65	0.56	79.39	99400	0.15086
60	8.63	0.76	82.48	99500	0.20481
60	9.33	0.97	83.65	99500	0.19062
60	9.78	0.81	83.88	99500	0.4034
60	10.22	0.76	83.87	99500	0.14981
60	10.64	0.42	83.87	99500	0.26704
60	11.24	0.47	85.02	99500	0.19556
60	11.64	1.07	87.05	99500	0.30614
60	12.89	1.16	83.33	99500	0.67642
60	13.87	1.1	78.5	99500	0.50252
60	14.12	1.41	72.85	99500	0.30504
60	13.91	2.32	74.31	99500	0.49855
60	14.24	2.03	67.89	99500	0.26218
60	13.34	1.78	74.07	99500	0.16458
60	11.87	1.58	79.1	99500	0.13459
60	10.42	1.78	84.71	99500	0.18702
60	10.35	1.29	83.6	99600	0.20651
60	9.81	1.36	84.84	99600	0.04527
60	9.08	1.3	86.19	99600	0.01014
60	9	0.9	86.32	99600	0
60	8.38	1.21	88.44	99700	0
60	8.21	1.09	89.41	99670	0
60	8.06	1.06	89.47	99700	0
60	8.03	0.68	89.9	99700	0
60	8.16	0.58	88.35	99700	0
60	8.09	0.58	88.47	99700	0
60	8.25	0.53	87.97	99700	0
60	7.98	0.88	88.62	99700	0
60	7.74	0.8	89.67	99700	0
60	7.47	0.76	89.2	99710	0
60	7.85	0.67	87.87	99790	0
61	7.36	0.62	89.14	99800	0
61	7.3	0.57	89.14	99800	0
61	7.11	0.5	90.01	99800	0
61	7.31	0.85	89.61	99800	0
61	7.29	0.54	89.05	99800	0
61	7.1	0.94	89.87	99780	0
61	7.09	0.87	89.75	99700	0
61	7.05	0.75	90.49	99700	0
61	7.15	0.68	90.41	99700	0
61	7.15	0.83	90.01	99700	0
61	6.94	0.73	90.79	99600	0
61	7.06	0.73	90.56	99600	0
61	7.04	0.64	90.47	99600	0.00548
61	7.2	0.37	90.24	99600	0.0115
61	7.24	0.49	90.6	99600	0.03655
61	7.76	0.59	90.63	99600	0.05757
61	7.98	0.35	90.38	99600	0.10237
61	8.02	0.69	90.48	99600	0.10941
61	8.07	0.59	90.71	99600	0.14977
61	8.57	0.5	90.14	99600	0.18328
61	9.39	0.61	90.04	99600	0.22148
61	10.18	1.39	90.71	99600	0.14784
61	11.13	1.37	90.19	99600	0.10568
61	11.38	2.18	89.11	99610	0.29806
61	12.07	2.18	83.26	99600	0.44291
61	12.1	2.02	81.66	99600	0.1351
61	11.89	2.13	81.98	99600	0.15131
61	11.59	2.4	84.71	99600	0.10968
61	11.65	2.03	85.32	99600	0.1526
61	12.01	2.31	84.17	99620	0.10012
61	12.38	1.65	82.57	99680	0.11516
61	13.38	2.28	69.82	99700	0.1529
61	14.06	3.21	66.29	99700	0.41144
61	13.7	3.47	63.7	99700	0.07543
61	12.79	2.48	70.76	99800	0.03566
61	12.09	2.38	76.79	99800	0.01042
61	11.72	3.61	78.79	99900	0
61	11.97	2.73	75.8	99970	0
61	12.4	3.19	71.15	100000	0
61	12.15	3.38	73.96	100000	0
61	11.44	3.73	79.33	100000	0
61	11.87	3.04	75.66	100100	0
61	12	2.73	73.69	100100	0
61	11.9	2.06	74.15	100180	0
61	11.53	2.12	77.13	100180	0
61	11.36	1.77	79.4	100200	0
61	11.07	1.24	81.9	100200	0
61	10.83	1.56	83.24	100200	0
62	10.57	1.13	84.86	100150	0
62	10.57	1.21	85.18	100100	0
62	10.58	0.82	85.44	100100	0
62	10.24	0.83	87.47	100100	0
62	10	1.12	89.41	100070	0
62	10.1	1.03	89.09	100000	0
62	10.02	0.96	89.17	100000	0
62	10.1	2.14	88.4	99900	0
62	10.1	1.65	89.34	99900	0
62	10.39	1.74	89.2	99900	0
62	10.35	1.53	89.56	99900	0
62	10.4	2.96	89.54	99900	0
62	10.4	3.12	90.28	99900	0.00702
62	10.4	1.91	90.21	99900	0.01246
62	10.41	5.1	90.42	99900	0.03223
62	10.6	3.63	90.13	99900	0.07836
62	10.85	3	89.95	99900	0.25092
62	11.13	3.23	89.34	100000	0.28087
62	11.5	3.11	88.86	100000	0.04587
62	11.48	1.93	89.65	100000	0.18208
62	11.85	2.42	89.94	100000	0.64262
62	12.44	2.39	88.21	100000	0.54468
62	13.49	3.23	85.67	100060	1.18356
62	13.88	2.66	82.87	100040	0.76346
62	14.15	2.39	81.1	100100	0.618
62	14.09	1.39	82.15	100100	0.39933
62	14.78	1.8	75.97	100100	0.43662
62	14.07	1.55	77.36	100100	0.26776
62	14.42	2.82	73.33	100100	0.35647
62	14.37	2.04	72.97	100120	0.34586
62	14.21	2.17	71.64	100200	0.2714
62	14.19	1.93	72.5	100200	0.22139
62	13.91	2.5	72.13	100300	0.17646
62	13.5	2.16	73.49	100300	0.10292
62	13.39	1.76	70.4	100300	0.05882
62	12.95	0.82	71.57	100400	0.01303
62	12.8	1.49	71.89	100400	0
62	12.5	1.21	72.62	100500	0
62	11.9	0.43	75.92	100500	0
62	10.36	0.85	82.96	100500	0
62	9.85	0.41	85.69	100500	0
62	9.77	0.53	84.73	100500	0
62	8.58	0.5	87.05	100500	0
62	7.68	0.44	88.84	100600	0
62	7.86	0.44	89.2	100600	0
62	7.58	0.91	88.77	100600	0
62	8.03	0.59	89.55	100600	0
62	9.22	1.12	88.36	100600	0
63	9.3	1.37	88.62	100650	0
63	9.01	0.9	87.86	100600	0
63	8.52	0.53	89.44	100600	0
63	8.09	0.68	89.39	100600	0
63	8.06	0.38	89.5	100600	0
63	8.51	0.67	89.66	100610	0
63	8.68	0.7	88.4	100600	0
63	8.19	0.74	88.96	100600	0
63	7.96	0.7	89.61	100600	0
63	7.82	0.63	90.2	100600	0
63	7.99	0.97	88.6	100600	0
63	8.2	0.34	88.19	100700	0
63	8.52	0.53	88.01	100700	0.00792
63	8.2	0.5	88.45	100700	0.03679
63	8.4	0.56	88.82	100700	0.04867
63	8.72	0.73	89.19	100800	0.09125
63	9.63	1.18	86.99	100710	0.29668
63	10.92	0.42	83.65	100700	0.63944
63	12.72	1.36	79.28	100710	0.67025
63	12.56	1.39	81.06	100700	0.49044
63	13.65	1.85	77.26	100700	0.73371
63	14.47	1.65	71.74	100700	0.45571
63	15.13	1.99	69.56	100700	0.57568
63	15.22	1.84	67.94	100700	0.64119
63	15.89	1.64	64.96	100600	0.81795
63	16.84	2	57.71	100600	0.97051
63	17.31	1.71	55.03	100600	0.87157
63	17.44	2.17	55.76	100520	0.66968
63	17.28	1.59	57.56	100500	0.52857
63	16.97	1.66	59.04	100500	0.4766
63	17.01	1.8	58.88	100500	0.46452
63	16.86	1.94	60.7	100500	0.26033
63	16.55	2.56	62.51	100500	0.1783
63	16.3	1.17	63.17	100400	0.09546
63	16.19	1.27	63.46	100500	0.03373
63	15.68	1.18	64.6	100400	0.00989
63	15.14	1.31	66.59	100400	0
63	14.65	0.55	68.52	100300	0
63	13.92	1.32	71.92	100350	0
63	13.84	0.79	72.03	100300	0
63	13.48	0.7	73.96	100300	0
63	13.47	1.01	74.56	100300	0
63	12.7	0.83	81.47	100300	0
63	12.11	0.43	85.21	100280	0
63	11.97	0.73	86.22	100200	0
63	11.71	0.78	87.45	100200	0
63	11.7	0.82	87.96	100110	0
63	11.47	0.81	88.95	100100	0
64	11.53	1.01	89.46	100100	0
64	12.2	1.58	89.25	100100	0
64	12.13	2.27	89.77	100000	0
64	12.12	1.92	89.05	100000	0
64	12.28	1.78	88.65	99900	0
64	12.2	2.64	88.95	99900	0
64	12.3	1.84	88.66	99900	0
64	12.3	1.7	89.85	99900	0
64	12.22	2.31	90.25	99900	0
64	12.11	2.36	90.67	99840	0.00066
64	12.21	2.42	90.69	99800	0.00066
64	12.3	2.09	90.44	99900	0
64	12.32	2.36	90.75	99900	0.00694
64	12.38	2.15	90.88	99900	0.01805
64	12.4	2.28	90.86	99900	0.02528
64	12.5	1.7	90.88	99900	0.02203
64	12.5	2	91.1	99900	0.08407
64	12.7	1.92	90.89	99900	0.16458
64	13.06	1.44	90.41	99900	0.20487
64	13.25	1.79	89.99	99810	0.22841
64	13.36	1.14	89.88	99800	0.15734
64	13.5	2.2	89.14	99800	0.22674
64	13.6	1.84	89.44	99700	0.24226
64	13.87	1.32	88.87	99650	0.32714
64	14.53	3.01	86.31	99600	0.58098
64	14.89	1.72	84.58	99500	0.24272
64	14.89	1.2	83.14	99400	0.10858
64	14.98	0.85	83.78	99300	0.06479
64	15.02	0.6	85.35	99230	0.13481
64	14.65	0.65	87.83	99200	0.19842
64	14.75	0.68	87.74	99140	0.05771
64	14.6	1.39	88.73	99080	0.07305
64	14.52	1.76	89.04	99000	0.02174
64	14.4	2.42	90.08	99080	0.03428
64	14.58	3.18	87.5	99100	0.03294
64	14.83	2.91	81.56	99100	0.01829
64	14.1	2.84	80.3	99100	0.00199
64	14.48	3.74	74.62	99120	0
64	14.31	2.93	72.95	99200	0
64	14.52	4.07	69.39	99200	0
64	13.98	2.02	73.52	99300	0
64	14.04	2.87	70.55	99300	0
64	13.97	4.36	67.31	99300	0
64	13.51	3.83	68.59	99400	0
64	12.89	4.95	67.25	99400	0
64	12.24	2.93	70	99500	0
64	12.38	3.36	68.93	99500	0
64	11.9	1.16	73.41	99500	0
65	10.87	1.18	77.88	99500	0
65	10.67	2.38	81.38	99600	0
65	10.2	1.03	83.65	99600	0
65	10.29	0.5	83.96	99540	0
65	10.99	3.21	79.93	99550	0.00066
65	10.65	1.59	79.71	99500	0
65	10.24	2.12	83.7	99500	0
65	10.53	3.51	83.05	99500	0.00133
65	10.84	2.48	76.13	99500	0
65	10.45	2.31	79.62	99500	0
65	10.3	2.46	82.36	99500	0
65	10.03	2.45	85.58	99500	0
65	10.28	2.86	83.72	99500	0.00779
65	10.43	2.67	81.97	99500	0.06214
65	10.56	2.91	79.3	99450	0.04082
65	9.61	3.65	86.63	99500	0.03668
65	9.67	3	87.9	99590	0.06347
65	10.28	1.98	86.76	99700	0.17096
65	10.57	3.15	82.14	99820	0.18976
65	10.52	3.22	81.81	99930	0.24347
65	10.67	1.38	82.5	100040	0.33924
65	11	0.78	82.38	100190	0.40767
65	11.14	1.81	76.91	100200	0.4453
65	11	1.26	80.97	100300	0.37445
65	11.55	2.4	79.23	100300	0.72663
65	11.65	2.59	78.18	100400	0.21296
65	11.15	2.42	83.41	100400	0.53624
65	12.1	2	79.45	100400	0.38117
65	12.25	2.49	79.08	100500	0.18849
65	12.49	2.04	73.05	100530	0.41685
65	12.66	2.66	69.79	100600	0.31964
65	12.3	1.78	71.99	100600	0.16342
65	11.43	2.91	79.18	100700	0.11229
65	10.84	2.28	83.05	100700	0.08862
65	11	0.75	83.36	100800	0.04264
65	10.76	0.89	85.93	100800	0.00889
65	10.55	0.6	88.61	100900	0.00199
65	10.59	0.56	88.91	100900	0
65	10.3	0.77	87.95	101000	0
65	9.87	1.45	88.87	101000	0
65	9.51	0.55	89.65	101000	0
65	9.4	1.49	89.36	101100	0
65	9.6	1.16	88.11	101100	0
65	9.5	1.6	88.48	101180	0
65	8.9	0.54	89.5	101200	0
65	8.82	0.76	90.54	101200	0
65	8.61	0.65	91.31	101200	0
65	8.98	0.73	88.23	101300	0
66	8.57	0.69	87.91	101300	0
66	7.85	0.75	89.34	101300	0
66	8.75	0.69	88.86	101400	0
66	8.32	0.72	89.81	101400	0
66	8.9	0.85	88.71	101400	0
66	9.08	0.67	86.58	101400	0
66	9	0.97	87.36	101400	0
66	9.17	1.26	87.23	101400	0
66	9.12	0.66	87.14	101400	0
66	9	0.66	87.69	101400	0
66	8.7	0.8	88.91	101460	0
66	8.8	0.81	88.86	101500	0
66	8.59	0.99	88.05	101500	0.011
66	8.56	0.52	87.75	101500	0.03744
66	8.6	1.06	86.76	101500	0.11857
66	9.24	1.04	85.04	101600	0.18561
66	10.76	1.41	79.58	101600	0.22209
66	11.3	1.71	77.71	101600	0.72554
66	12.02	1.68	74.13	101600	0.76525
66	11.96	1.53	74.12	101600	0.64829
66	12.67	2.37	71.42	101600	0.98912
66	13.28	1.68	69.36	101600	1.18022
66	13.37	1.41	69.92	101600	0.75355
66	13.96	1.66	65.52	101500	1.04901
66	14.75	1.87	59.94	101500	1.20886
66	15.18	2.82	56.56	101500	1.25966
66	15.57	2.05	57.52	101400	0.87508
66	16.02	1.53	53.94	101340	1.13963
66	16.73	1.39	51.53	101300	1.07623
66	16.65	1.36	49.29	101300	0.84891
66	16.34	1.28	50.31	101200	0.73656
66	16.17	1.01	49.17	101200	0.58248
66	16.44	0.92	47.69	101200	0.35331
66	16.82	1.04	45.58	101200	0.27042
66	16.12	0.58	47.77	101200	0.0475
66	15	0.45	56.07	101200	0.01715
66	12.72	0.58	70.41	101200	0
66	11	1.09	76.93	101200	0
66	10.03	1.3	79.92	101200	0
66	9.5	0.65	81.58	101200	0
66	8.91	1.44	83.22	101200	0
66	8.56	1.28	84.06	101100	0
66	8.31	1.31	84.91	101100	0
66	8	0.81	85.89	101100	0
66	7.66	0.84	87.29	101100	0
66	7.15	0.7	88.39	101000	0
66	7.05	0.44	88.66	100960	0
66	6.72	0.75	88.48	101000	0
67	6.02	0.9	89.76	101000	0
67	5.94	0.52	90.68	101000	0
67	6.31	0.64	90.28	101000	0
67	5.56	0.62	90.4	100930	0
67	5.31	0.78	89.59	100900	0
67	5.81	0.34	91.52	100800	0
67	5.4	0.71	89.8	100800	0
67	6.14	0.59	91.07	100800	0
67	6.2	0.55	89.26	100800	0
67	6.25	0.46	90.45	100800	0
67	6.34	0.34	89.92	100800	0
67	6.99	0.82	89.16	100800	0
67	7.3	0.63	88.69	100800	0.00839
67	7.66	0.52	87.36	100800	0.02926
67	7.87	0.35	87.82	100800	0.06091
67	8.06	0.57	87.54	100800	0.069
67	9.28	0.35	84	100800	0.12047
67	9.65	0.63	79.08	100800	0.15448
67	10.01	0.48	79.95	100800	0.17117
67	10.36	1.28	79.28	100700	0.21855
67	10.9	0.93	75.93	100700	0.18228
67	11.3	1.03	74.35	100700	0.20391
67	11.7	1.13	73.53	100620	0.18437
67	12.41	1.06	72.35	100600	0.1652
67	12.97	0.82	70.27	100570	0.24449
67	13.6	1.22	67.75	100500	0.23334
67	14.12	1.19	67.38	100500	0.17334
67	13.9	0.69	71.86	100500	0.09997
67	14.47	1.34	68.14	100400	0.12301
67	14.59	1.18	69.59	100400	0.093
67	14.6	1.17	69.94	100400	0.10352
67	14.84	2.18	67.07	100400	0.07912
67	14.76	2.67	67.45	100370	0.07201
67	13.59	2.3	76.1	100300	0.05179
67	13.5	2.83	76.5	100300	0.02496
67	13.23	2.32	78.98	100300	0.00865
67	13.4	1.8	78.08	100300	0
67	13.33	2.69	78	100280	0
67	13.02	2.41	80.54	100300	0
67	12.72	2.41	83.44	100300	0
67	12.6	2.13	84.83	100300	0
67	12.4	2.33	87.07	100300	0
67	12.49	2.53	87.7	100400	0.00132
67	12.37	10.17	89.53	100400	0.00398
67	12.7	1.8	89.92	100440	0
67	13.25	1.47	88.67	100500	0
67	13.8	2.67	84.34	100500	0
67	13.31	1.37	86.24	100500	0.00066
68	12.7	0.87	89.86	100500	0.00066
68	12.76	1.13	90.1	100500	0
68	12.76	1.03	90.79	100500	0
68	12.77	0.96	90.79	100500	0
68	12.79	0.89	90.8	100500	0
68	12.81	0.82	90.8	100500	0.00066
68	12.9	1.49	90.86	100500	0
68	12.9	0.84	90.81	100400	0.00066
68	12.9	1.33	90.86	100400	0
68	12.9	1.2	91.03	100400	0
68	12.9	0.87	91.06	100450	0
68	12.88	1.6	91.11	100490	0
68	13.05	1.69	86.12	100500	0.00066
68	13.02	1.86	84.94	100500	0
68	12.93	1.24	83.02	100500	0.00985
68	12.48	0.75	85.36	100590	0.04289
68	12.54	0.77	85.88	100600	0.10246
68	12.87	0.94	83.35	100700	0.21486
68	13.09	0.99	83.03	100700	0.27451
68	13.13	1.59	81.51	100700	0.23913
68	13.42	0.78	82.45	100800	0.23363
68	13.59	0.96	80.52	100800	0.32823
68	13.83	1	79.87	100800	0.42679
68	13.91	1.28	78.51	100800	0.32112
68	14.31	1.35	76.69	100800	0.57968
68	15	0.64	76.73	100800	0.47325
68	15.59	0.95	71.72	100700	0.70397
68	16.28	0.83	68.81	100700	0.77435
68	16.09	1.2	69.27	100700	0.51366
68	16.05	1.07	72.12	100700	0.20982
68	16.27	1.04	72.12	100700	0.69831
68	16.45	0.89	70.23	100600	0.39389
68	16.46	1.24	70.13	100600	0.22264
68	15.18	1.37	73.47	100600	0.18385
68	14.63	1.97	77	100590	0.12743
68	13.97	1.52	79.05	100590	0.04293
68	13.36	1.52	80.01	100500	0.0259
68	13.1	1.74	78.43	100510	0.00931
68	12.7	1.8	77.6	100600	0.00066
68	12.33	2.77	77.63	100600	0
68	12.16	2.67	77.35	100600	0
68	11.89	3.37	76.59	100600	0
68	11.8	2.05	75.87	100600	0
68	11.6	2.1	77.92	100610	0
68	11.4	0.56	79.48	100700	0
68	11.3	0.48	80.15	100700	0
68	11.4	1.27	79.24	100700	0
68	11.33	0.6	80.46	100700	0
69	11.2	0.92	82.13	100700	0
69	11.19	0.67	81.4	100700	0
69	11.03	0.69	82.18	100700	0
69	10.02	1.44	84.98	100700	0.00066
69	10.06	1.69	82.3	100700	0
69	9.9	0.61	82.79	100700	0
69	9.68	0.92	83.92	100700	0
69	9.7	0.65	85.59	100800	0
69	9.62	1.64	84.99	100800	0
69	9.24	1.59	85.23	100800	0
69	9.23	2.26	80.04	100800	0
69	9	1.19	83.01	100900	0
69	8.89	1.68	84.46	100900	0
69	8.7	1.1	84.27	100950	0
69	8.6	0.49	84.27	101000	0.01251
69	8.52	1.78	84.92	101100	0.05715
69	8.6	0.93	84.56	101100	0.07774
69	8.72	2.06	82.37	101200	0.23767
69	8.93	2.53	81.7	101300	0.17547
69	10.29	3.74	74.03	101300	0.85064
69	10.54	3.87	72.08	101400	0.92871
69	10.74	4.46	70.16	101400	0.79793
69	9.75	3.13	76.49	101500	0.51779
69	11.13	2.78	69.72	101500	0.95051
69	10.81	3.1	69.49	101500	1.2817
69	8.71	2.94	79.68	101600	0.84459
69	9.58	3.52	77.64	101600	0.53813
69	11.35	1.54	73.29	101600	1.24665
69	11.19	3.63	68.78	101600	0.41198
69	11.98	3.17	63.88	101600	0.85502
69	11.47	3.48	65.04	101700	1.08366
69	11.41	4.92	62.47	101700	0.69795
69	11.6	3.54	62.46	101700	0.90038
69	10.9	5.33	62.63	101800	0.63625
69	10.86	3.52	63.76	101800	0.44506
69	10.82	3.44	63.82	101900	0.17537
69	10.1	3.28	66.98	101900	0.13436
69	9.3	3.83	70.06	101900	0.01899
69	8.64	2.14	72.65	102000	0.00008
69	8.21	1.42	75.34	102000	0
69	8.3	2.29	75.49	102000	0
69	7.95	1.94	76.93	102070	0
69	7.6	1.09	79.1	102100	0
69	7.06	0.92	80.6	102100	0
69	7.21	0.63	78.72	102200	0
69	6.76	0.6	80.66	102200	0
69	5.6	0.89	84.58	102300	0
69	5.15	0.52	85.7	102300	0
70	4	0.78	87.74	102300	0
70	4.41	0.78	89.33	102300	0
70	3.79	0.71	89.65	102300	0
70	3.24	0.37	90.09	102300	0
70	2.98	0.63	91.37	102300	0
70	2.07	0.43	91.1	102300	0
70	1.95	0.6	91.73	102300	0
70	1.7	0.56	91.8	102300	0
70	1.44	0.72	91.92	102400	0
70	1.5	0.45	92.12	102400	0
70	2.18	0.36	92.15	102400	0
70	1.45	0.76	92.3	102400	0
70	1.8	1.23	92.7	102400	0
70	1.51	0.61	92.83	102400	0
70	1.58	0.51	93.1	102400	0.00976
70	1.73	0.53	93.11	102400	0.06048
70	1.87	0.73	93.1	102400	0.10371
70	2.28	0.53	93.05	102400	0.18337
70	2.77	1.13	92.99	102400	0.30261
70	3.18	1.05	92.86	102400	0.31221
70	4.17	0.78	92.74	102400	0.50509
70	6.38	0.86	88.42	102400	1.01057
70	8.66	2.4	67.37	102400	1.09324
70	9.17	2.62	63.07	102340	1.25948
70	9.86	2.53	60.4	102300	1.33389
70	10.29	2.09	57.39	102300	1.38444
70	11.11	1.61	56.87	102200	1.4093
70	11.22	2.2	53.9	102110	1.40029
70	11.65	2.2	51.18	102100	1.36926
70	12.51	2.39	49.26	102000	1.30135
70	13.1	2.29	49.66	102000	1.20458
70	13.35	2.94	49.58	102000	1.08479
70	13.58	1.76	51.39	101900	0.93944
70	13.65	1.77	50.74	101900	0.77327
70	13.98	1.27	51.87	101900	0.58104
70	13.68	2.33	52.23	101900	0.37522
70	13.55	1.21	54.33	101900	0.17258
70	12.86	0.8	56.29	101900	0.02241
70	12.04	1.02	58.5	101800	0.0001
70	11.84	0.92	58.31	101800	0
70	11.57	1.14	57.96	101800	0
70	11.79	1.45	56.55	101880	0
70	11.71	1.04	56.28	101900	0
70	11	0.93	59.55	101900	0
70	8.49	0.67	72.83	101900	0
70	7.2	0.58	78.23	101800	0
70	5.83	0.65	82.1	101800	0
70	5.51	0.5	83.42	101800	0
71	5.2	0.71	85.07	101800	0
71	4.56	0.65	85.64	101800	0
71	4.35	0.62	87.58	101700	0
71	4.26	0.44	87.53	101700	0
71	3.37	0.63	88.85	101700	0
71	3.37	0.42	89.63	101700	0
71	3.18	0.57	89.66	101700	0
71	2.43	0.41	89.9	101700	0
71	2.07	0.45	89.42	101700	0
71	2.44	0.53	91.31	101700	0
71	1.64	0.53	90.74	101700	0
71	1.11	0.32	91.19	101700	0
71	1.12	0.3	91.87	101700	0
71	0.71	0.47	91.27	101700	0.00003
71	1	0.52	92.04	101600	0.0147
71	0.64	0.73	90.96	101600	0.05973
71	2.29	0.63	91.1	101600	0.08541
71	4.21	0.61	85.48	101600	0.10618
71	6.24	0.8	79.62	101640	0.13616
71	8.02	1.12	71.96	101700	0.73553
71	9.8	1.14	64.23	101700	0.88809
71	10.49	1.21	62.23	101600	1.03369
71	11.39	1.43	58.49	101600	1.16007
71	12.34	1.38	53.48	101600	1.26081
71	13.2	1.41	52.2	101590	1.34173
71	13.86	1.51	48.46	101500	1.39462
71	14.61	1.39	45.85	101500	1.41764
71	15.09	1.42	43.84	101420	1.4088
71	15.79	1.3	42.48	101400	1.36725
71	16.54	1.13	41.53	101360	1.29902
71	16.86	2	38.97	101300	1.20592
71	17.4	1.02	36.47	101300	1.07809
71	17.11	1.17	34.14	101200	0.92871
71	17.62	0.7	31.59	101200	0.76241
71	17.8	0.63	31.16	101200	0.57461
71	17.64	1.11	30.58	101200	0.3682
71	17.33	0.73	30.91	101200	0.15536
71	16.12	0.76	37.66	101200	0.01997
71	13.14	0.59	55.8	101140	0.00005
71	11.35	1.02	63.13	101190	0
71	10.19	1	67.88	101100	0
71	9.47	0.93	70.5	101100	0
71	8.78	0.61	72.69	101100	0
71	8.19	0.5	74.56	101130	0
71	8.59	0.45	72.86	101100	0
71	7.06	0.55	77.78	101100	0
71	6.52	0.71	80.87	101100	0
71	6.08	0.43	81.88	101100	0
72	5.44	0.81	83.1	101100	0
72	5.28	0.95	85.01	101100	0
72	5.2	0.45	84.41	101100	0
72	4.26	0.66	85.06	101100	0
72	4.06	0.52	88.05	101100	0
72	3.38	0.66	87.47	101100	0
72	3.37	0.81	89.16	101100	0
72	3.17	0.41	89.17	101100	0
72	2.61	0.56	88.93	101100	0
72	2.83	0.6	89.19	101100	0
72	2.1	0.79	88.11	101100	0
72	2.28	0.45	90.07	101030	0
72	2	0.5	89.65	101050	0
72	2.15	0.57	90.47	101040	0.00008
72	1.74	0.52	89.61	101000	0.01558
72	2.21	0.45	90.12	101100	0.10793
72	3.76	0.81	86.28	101100	0.13966
72	4.75	0.72	83.43	101100	0.19003
72	6.33	0.64	80.3	101200	0.3725
72	7.53	0.96	76.05	101200	0.68681
72	8.52	0.73	71.32	101200	0.54233
72	9.33	1.05	67.68	101200	0.97114
72	10.22	1.45	64.57	101170	0.93045
72	11.25	0.99	62.13	101100	0.81396
72	12.23	0.97	54.67	101100	1.08962
72	13.36	0.93	51.41	101100	1.23118
72	14.6	1.07	48.15	101100	1.40696
72	15.54	1.4	46.8	101000	1.3781
72	16.13	1.49	47.65	101000	1.2961
72	16.39	1.24	48.3	101000	1.06114
72	16.32	1.37	50.16	101000	0.37134
72	15.99	1.43	52.03	101000	0.30805
72	15.88	2.37	50.62	100900	0.34172
72	15.55	2.04	52.89	100900	0.33358
72	14.98	2.34	54.38	100900	0.19736
72	14.65	2.08	55.69	100900	0.1434
72	14.14	1.66	58.5	100900	0.06839
72	13.89	1.8	58.92	100900	0.02254
72	13.23	1.32	62.13	100900	0.00008
72	12.93	2.1	64.13	100900	0
72	12.76	2.57	65.08	100900	0
72	12.59	1.63	66.24	100900	0
72	12.37	2	67.14	100900	0
72	12	1.45	68.63	100900	0
72	11.73	0.94	69.7	100900	0
72	11.6	1.85	70.8	100900	0
72	11.8	0.79	70.77	100930	0
72	11.53	0.82	71.86	100990	0
73	11.66	1.32	72.61	100990	0
73	10.95	0.56	80.95	101000	0
73	10.28	0.54	86.77	100900	0
73	10.13	0.61	87.52	100930	0
73	10.16	0.81	87.99	100900	0
73	9.99	0.87	88.76	100900	0
73	10	0.63	89.35	100900	0
73	10.1	1.3	89.14	100900	0
73	9.93	0.87	89.76	100900	0
73	10.06	1.07	90.16	100900	0
73	10.1	1.61	89.49	100900	0
73	10.2	1.56	88.93	100900	0
73	10.09	1.56	88.99	100900	0
73	10.1	1.9	89.38	100910	0
73	10.21	1.49	88.37	101000	0.01093
73	10.37	1.93	87.67	101000	0.04141
73	10.5	1.75	87.31	101080	0.09678
73	11.41	1.85	82.43	101100	0.28286
73	11.91	1.82	80.34	101120	0.27452
73	11.95	3.02	81.59	101200	0.56377
73	11.71	2.6	85.03	101290	0.37235
73	12.04	1.56	86.19	101350	0.58941
73	13.06	3.91	71.94	101400	1.0064
73	13.77	2.08	68.13	101400	1.31387
73	14.81	1.86	55.12	101400	1.39278
73	14.99	2.93	52.13	101450	1.45535
73	15.39	2.46	49.56	101500	1.38427
73	15.71	2.3	47.23	101500	1.48037
73	15.72	1.14	48.48	101500	1.53927
73	16.2	1.59	46.7	101500	1.38177
73	16.54	2.68	45.67	101500	1.22244
73	16.85	2.13	42.85	101500	1.06507
73	16.68	1.98	42.85	101500	0.93307
73	16.64	1.63	42.01	101530	0.75672
73	16.63	2.2	42.57	101600	0.56374
73	16.32	1.91	45.56	101600	0.35085
73	15.28	1.67	48.68	101600	0.14587
73	14.27	1.39	54.94	101600	0.02716
73	12.94	0.65	59.6	101600	0.00035
73	11.86	1.37	63.06	101600	0
73	10.56	0.73	68.19	101600	0
73	10.14	0.61	70.02	101700	0
73	9.73	0.48	70.91	101700	0
73	10.44	0.53	70.37	101700	0
73	10.29	0.47	71.17	101700	0
73	9.78	0.74	71.85	101700	0
73	8.25	1.27	78.31	101700	0
73	7	0.68	83.92	101700	0
74	6.97	0.64	83.41	101680	0
74	6.2	0.66	85.22	101700	0
74	5.7	0.98	86.29	101680	0
74	5.98	0.87	85.6	101600	0
74	5.2	0.64	86.8	101600	0
74	4.99	0.41	88.12	101600	0
74	4.7	0.49	88.44	101600	0
74	4.08	0.49	89.25	101600	0
74	3.9	0.41	89.18	101600	0
74	3.68	0.77	89.63	101600	0
74	3.55	0.45	90.66	101600	0
74	3.54	0.53	88.93	101600	0
74	4.35	0.6	88.46	101600	0
74	4.69	0.72	88.86	101600	0.00022
74	4.65	0.61	88.01	101600	0.01613
74	4.79	0.67	88.96	101600	0.09939
74	5.71	0.75	86.93	101600	0.18853
74	7.25	0.85	81.75	101700	0.2265
74	8.71	0.5	76	101700	0.30403
74	10.08	1.49	68.49	101700	0.53621
74	10.91	0.79	67.13	101700	0.89186
74	12.07	1.35	65.22	101700	0.96312
74	13.72	1.67	59.91	101700	1.24152
74	14.89	1.57	60.31	101700	1.29802
74	15.62	1.25	58.61	101700	1.34406
74	17.14	2.2	54.9	101700	1.26229
74	16.98	2.26	59.14	101700	1.25277
74	17.21	2.56	58.1	101700	1.07632
74	17.04	3.81	57.96	101600	0.71865
74	17.27	3.62	58.64	101610	1.09899
74	18.33	2	56.44	101700	1.25864
74	18.03	1.59	56.86	101600	0.75046
74	17.19	2.61	60.13	101600	0.52391
74	17.12	2.26	60.87	101600	0.35747
74	16.56	1.94	62.75	101600	0.22258
74	16.54	2.88	62.67	101600	0.34696
74	16.1	2.39	64.46	101600	0.16505
74	15.2	2.37	68.13	101600	0.02402
74	14.7	1.29	70.32	101600	0.00025
74	14.12	0.48	74.38	101600	0
74	13.93	1.1	73.95	101600	0
74	13.33	1.55	75.71	101700	0
74	13.05	1.65	76.5	101700	0
74	12.89	1.17	76.93	101740	0
74	12.85	0.96	76.15	101720	0
74	12.6	0.71	76.65	101800	0
74	12.81	1.08	74.16	101800	0
74	11.9	0.61	78.2	101800	0
75	12	1.76	77	101700	0
75	12.19	1.77	73.94	101700	0
75	12.06	1.75	75.11	101700	0
75	11.48	1.83	80.26	101700	0
75	11.24	1.47	81.41	101700	0
75	10.68	1.09	83.05	101700	0
75	10.35	1.25	84.06	101610	0
75	9.79	0.74	85.74	101600	0
75	6.92	0.78	87.06	101600	0
75	7.06	0.61	88.94	101600	0
75	6.36	0.73	88.21	101550	0
75	6.2	0.81	88.86	101500	0
75	6.09	0.5	91.02	101500	0
75	6.63	0.6	90.52	101500	0.0002
75	5.82	0.62	89.88	101500	0.02134
75	6.88	0.86	88.4	101500	0.09987
75	8.99	0.91	85.67	101500	0.1913
75	10.35	1.13	81.94	101440	0.28189
75	11.32	1.45	78.27	101440	0.3985
75	12.5	1.99	73.23	101460	0.63306
75	13.48	2.11	67.4	101400	0.76818
75	13.77	2.12	68.13	101400	0.54438
75	14.57	1.4	64.55	101400	0.68675
75	14.6	2.75	62.53	101320	0.67592
75	15.17	2.3	60.79	101300	0.92888
75	15.63	1.79	58.43	101250	1.39412
75	15.58	2.71	56.6	101200	1.23747
75	15.76	3.46	56.76	101100	1.22292
75	15.87	2.76	55.9	101000	1.07845
75	15.75	2.36	55.55	101000	0.63756
75	14.73	4.24	58.25	101000	0.3676
75	14.25	5.09	55.58	100900	0.2086
75	13.82	3.17	55.57	100900	0.25673
75	13.56	2.07	57.17	100900	0.23611
75	12.98	3.41	58.21	100860	0.08516
75	12.8	3.23	59.53	100770	0.03607
75	12.68	2.91	61.25	100700	0.00787
75	12.26	2.84	66.17	100700	0.00092
75	11.51	3.56	73.05	100600	0
75	10.98	2.64	77.12	100600	0
75	9.85	2.65	81.96	100700	0
75	8.45	3.98	81.57	100700	0
75	7.22	3.74	82.82	100720	0
75	6.67	3.37	82.12	100800	0
75	6.4	3.83	83.07	100900	0
75	6.2	3.47	82.7	100990	0
75	6	3.6	82.59	101000	0
75	5.92	3.24	82.02	101100	0
76	5.88	2.71	81.68	101100	0
76	5.8	1.35	81.75	101200	0
76	5.78	2.03	81.35	101200	0
76	5.7	0.96	82.78	101270	0
76	5.57	2.26	82.05	101300	0
76	5.5	2.11	81.47	101300	0
76	5.4	1.41	82.57	101400	0
76	5.62	1.45	82.3	101400	0
76	5.44	1.68	82.7	101500	0
76	5.7	2.53	81.39	101500	0
76	5.44	1.65	83.44	101550	0
76	4.97	2.24	83.04	101600	0
76	4.63	1.21	84.6	101600	0
76	4.61	2.24	83.88	101700	0.00055
76	4.89	2.35	78.86	101700	0.02733
76	4.9	0.47	79.7	101800	0.07972
76	5.95	2.03	71.43	101800	0.11924
76	6.5	1.59	70.25	101800	0.23713
76	7.27	2.02	65.24	101900	0.189
76	7.76	2.19	62.45	101900	0.69491
76	7.96	2.86	65.03	101900	0.50649
76	7.93	2.22	63.15	102000	0.48587
76	7.76	2.58	65.12	102000	0.8546
76	8.37	2.69	60.81	102000	0.85035
76	9.21	3.3	55.78	101930	1.34094
76	8.14	4.02	65.02	101990	0.41438
76	9	2.27	61.09	101900	1.49459
76	10.16	3.66	53.48	101900	1.52108
76	10.11	2.41	55.73	101900	1.37349
76	10.74	2.45	48.19	101900	1.38711
76	10.67	2.29	47.93	101900	0.68786
76	10.59	4.27	48.53	101900	0.68813
76	10.05	2.85	52.97	101900	1.03045
76	9.9	3.21	52.79	101900	0.83687
76	9.79	3.89	52.42	101900	0.60728
76	9.21	2.98	56.51	101900	0.3863
76	8.71	2.67	59.82	101820	0.17555
76	7.72	2.72	62.75	101900	0.02112
76	7.03	1.81	66.73	101900	0.00072
76	6.47	0.91	70.67	101900	0
76	6.38	2.41	68.86	101900	0
76	6.19	1.52	68.78	101900	0
76	5.68	0.61	70.94	101900	0
76	5.2	0.78	73.07	101900	0
76	5.77	0.43	68.65	101900	0
76	5.17	1.25	71.68	101900	0
76	5.4	0.52	68.63	101900	0
76	4.83	0.98	72.23	101900	0
77	3.78	0.77	77.5	101900	0
77	3.58	0.83	78.54	101900	0
77	2.97	1.09	81.32	101900	0
77	2.74	0.53	84.13	101900	0
77	2.29	0.71	84.35	101900	0
77	3.13	0.88	82.34	101810	0
77	2.92	0.83	83.3	101800	0
77	2.4	0.47	84.96	101800	0
77	1.8	0.8	87.06	101800	0
77	2.44	0.7	85.04	101800	0
77	1.87	0.64	87.66	101790	0
77	2.3	0.34	86.36	101700	0
77	1.84	0.7	87.19	101700	0
77	1.39	0.59	88.5	101700	0.00097
77	1.31	0.38	88.18	101700	0.03005
77	1.67	0.98	87.94	101700	0.07578
77	2.56	0.6	84.43	101700	0.10209
77	4.21	0.6	79.6	101700	0.12169
77	5.41	1.3	76.72	101700	0.17503
77	5.58	1.09	75.07	101780	0.79434
77	6.75	0.98	72.07	101790	0.9508
77	8.26	1.06	64.57	101700	1.09936
77	9.85	0.73	55.75	101700	1.22961
77	10.76	0.81	53.87	101700	1.33288
77	11.56	1.52	50	101630	1.4143
77	11.75	1.35	51.04	101600	1.46519
77	12.04	2.11	50.4	101600	1.46986
77	12.94	1.57	48.75	101500	1.48137
77	12.78	2.61	48.74	101500	1.42381
77	13.28	2.23	48.57	101400	1.37026
77	13.13	2.88	48.33	101400	1.27216
77	13.36	2.96	47.78	101400	1.14746
77	13.49	2.09	48.66	101370	0.99914
77	13.66	1.8	49.1	101300	0.75196
77	14	1.43	47.55	101300	0.6235
77	14.03	1.7	49.11	101300	0.44485
77	13.02	1.29	51.63	101270	0.09206
77	11.91	1.07	57.13	101200	0.02523
77	11.39	0.87	58.86	101200	0.00088
77	11.19	1.18	60	101200	0
77	10.88	0.74	61.76	101200	0
77	10	0.8	65.54	101180	0
77	9.44	1.32	68.37	101200	0
77	9.09	0.46	69.79	101200	0
77	8.4	0.61	72.43	101200	0
77	9.37	0.55	67.86	101140	0
77	9.26	0.41	68.52	101100	0
77	6.83	0.58	77.58	101100	0
78	6.42	0.93	80.77	101100	0
78	6.03	0.75	82.23	101100	0
78	5.4	0.57	84.23	101100	0
78	5.03	0.77	83.95	101100	0
78	4.12	0.64	86.39	101100	0
78	4.38	0.48	86.84	101100	0
78	4.19	0.47	87.09	101020	0
78	4.02	0.49	87.37	101000	0
78	3.36	0.44	88.22	101000	0
78	2.7	0.51	88.41	101100	0
78	2.59	0.33	90.08	101100	0
78	2.38	0.57	90.63	101100	0
78	2.51	0.44	89.81	101100	0
78	2.45	0.59	89.96	101100	0.00147
78	1.44	0.51	90.18	101100	0.0351
78	2.95	0.46	91.25	101100	0.08822
78	5.2	0.43	86.55	101100	0.12818
78	6.97	2.75	83.39	101200	0.17768
78	7.84	3.14	80.07	101200	0.29259
78	8.98	2.42	75.56	101200	0.8778
78	9.65	2.51	72	101300	0.51575
78	10.33	2.68	68.28	101300	1.21101
78	10.79	3.04	64.63	101300	1.16259
78	11.1	2.94	63.4	101300	0.56072
78	11.17	1.89	64.47	101300	0.70562
78	11.93	2.04	58.17	101300	0.92666
78	12.29	2.75	58.24	101300	0.73945
78	12.69	1.38	58.62	101230	0.52591
78	12.54	1.69	58.88	101200	0.29909
78	12.06	2.52	61.75	101200	0.51849
78	12.92	2.58	55.44	101200	0.9134
78	12.46	3.06	58.72	101200	0.46165
78	12.65	3.12	58.26	101200	0.41263
78	12.09	4.12	57.84	101200	0.27766
78	10.02	2.76	72.27	101300	0.19776
78	9.84	2.52	74.44	101300	0.22944
78	9.48	3.4	73.94	101300	0.10157
78	8.29	2.38	75.78	101300	0.03911
78	7.82	2.76	78.8	101400	0.00123
78	7.61	3.02	79.23	101400	0
78	7.5	1.75	77.46	101400	0
78	7.21	0.57	77.53	101500	0
78	7.33	1.98	74.58	101500	0
78	7.25	1.57	68.67	101500	0
78	6.96	0.9	70.21	101500	0
78	6.03	0.63	77.12	101500	0
78	4.75	0.83	80.13	101600	0
78	4.24	0.74	82.89	101600	0
79	3.84	0.7	84.26	101600	0
79	3.36	0.64	83.86	101600	0
79	3.1	1.09	86.22	101600	0
79	2.77	0.58	85.6	101600	0
79	2.2	0.64	86.97	101600	0
79	1.85	0.56	85.79	101600	0
79	1.53	0.93	88.64	101600	0
79	0.77	0.49	88.82	101600	0
79	0.86	0.4	90.36	101700	0
79	0.62	0.47	90.38	101700	0
79	0.34	0.75	90.08	101700	0
79	0.6	0.77	89.84	101700	0
79	0.09	0.63	89.79	101700	0
79	-0.12	0.43	90.91	101700	0.0018
79	-0.5	0.56	90.75	101720	0.03649
79	0.21	0.71	91.25	101800	0.08611
79	1.39	0.5	88.3	101800	0.12556
79	3.44	0.5	83.61	101800	0.15998
79	5.67	0.62	75.87	101900	0.37801
79	6.57	1.07	71.04	101900	0.81723
79	7.41	1.61	67	101900	1.1183
79	8.53	1.33	61.43	101900	1.20891
79	9.65	1.26	50.28	101900	0.68645
79	9.6	0.89	49.73	101900	1.48644
79	10.17	1.18	45.05	101900	1.38677
79	10.85	1.36	42.82	101800	0.65618
79	11.45	1.03	40.32	101800	0.99654
79	10.85	1.25	41.84	101800	1.47205
79	12.14	1.33	38.71	101800	1.62986
79	11.96	1.39	38.3	101700	0.50062
79	11.36	1.35	40.06	101700	0.67512
79	12.61	1.69	37.07	101700	1.31537
79	10.93	1.97	42.85	101700	0.2706
79	10.8	0.99	44.85	101700	0.17375
79	10.37	0.96	51.94	101600	0.14597
79	11.29	1.13	49.13	101600	0.33191
79	10.73	1.25	46.98	101600	0.18132
79	10.18	1.04	49.36	101600	0.05107
79	8.91	1.61	54.93	101600	0.00217
79	8.01	0.81	59.67	101600	0
79	7.4	0.76	62.82	101600	0
79	7.38	1.98	66.26	101600	0
79	7.12	1.83	66.71	101600	0
79	7.02	1.51	65.98	101700	0
79	6.82	1.57	66.51	101630	0
79	6.85	2.15	66.24	101700	0
79	6.66	2.17	66.84	101630	0
79	6.45	2.11	65.32	101620	0
80	6.09	1.77	65.04	101700	0
80	5.8	1.11	64.89	101600	0
80	5.59	1.59	66.76	101600	0
80	5.13	1.29	68.02	101600	0
80	4.82	1.35	69.3	101600	0
80	4.54	1.15	70.7	101500	0
80	4.34	1.27	71.55	101500	0
80	4.2	1.26	72.1	101500	0
80	4.1	1.09	71.6	101500	0
80	3.92	1.62	71.66	101500	0
80	3.88	1.26	70.54	101500	0
80	3.63	0.92	71.06	101500	0
80	3.32	0.72	71.85	101500	0
80	3.3	0.62	71.4	101500	0.0025
80	3.48	0.74	70.3	101500	0.04051
80	3.79	1.03	69.58	101500	0.10114
80	5.1	1.49	64.71	101500	0.24893
80	5.66	2.32	62.42	101500	0.31167
80	5.66	2.17	62.53	101500	0.38648
80	6.22	2.87	60.53	101500	0.80157
80	6.98	2.13	58.35	101500	0.98087
80	8.26	1.56	54.73	101500	1.13339
80	8.97	1.47	51.94	101500	1.2558
80	10	1.82	47.75	101400	1.35291
80	10.55	1.89	44.51	101400	1.43599
80	10.67	2.06	44.16	101400	1.48938
80	12.07	1.09	39.79	101400	-9999
80	12.39	1.57	34.72	101400	-9999
80	13.15	2.12	33.91	101300	-9999
80	13.52	2.41	34.51	101300	-9999
80	13.34	2.53	32.05	101300	-9999
80	12.94	2.83	31	101300	-9999
80	12.74	3.04	33.46	101300	-9999
80	12.95	2.28	32.67	101300	-9999
80	13.05	2.85	34.85	101300	-9999
80	12.8	2.28	32.63	101300	-9999
80	12.73	1.7	32.29	101300	-9999
80	12.5	1.43	32.12	101300	-9999
80	11.37	1	35.28	101300	-9999
80	10.66	1.5	37.82	101300	-9999
80	9.49	0.98	41.81	101300	-9999
80	8.04	1.16	47.26	101300	-9999
80	9.61	1.4	41.63	101370	-9999
80	9.53	1.25	42.66	101400	-9999
80	9.27	2.04	43.78	101400	-9999
80	8.92	1.35	44.95	101400	-9999
80	8.55	1.68	46.3	101400	-9999
80	8.06	1.64	48.06	101400	-9999
81	7.87	1.08	48.63	101400	-9999
81	7.55	1.35	49.16	101400	-9999
81	7.41	1.01	49.33	101400	-9999
81	7.14	1.03	49.76	101400	-9999
81	6.95	0.81	50.03	101430	-9999
81	5.4	0.96	57.69	101400	-9999
81	3.82	0.48	65.22	101400	-9999
81	2.84	0.54	70.04	101400	-9999
81	2.2	0.33	72.97	101440	-9999
81	1.77	0.67	73.93	101500	-9999
81	0.87	0.57	77.47	101500	-9999
81	0.96	0.38	78.01	101500	-9999
81	0.53	0.81	79.2	101500	-9999
81	0.64	0.81	78.93	101500	-9999
81	0.22	0.69	80.47	101500	-9999
81	0.53	0.63	80.74	101500	-9999
81	1.83	0.57	76.55	101500	-9999
81	5.11	0.6	65.09	101600	-9999
81	6.36	1.18	57.46	101600	-9999
81	7.9	1.24	51.78	101600	-9999
81	8.32	1.07	49.11	101600	-9999
81	9.73	1.5	43.95	101600	-9999
81	10.51	1.46	42.63	101600	-9999
81	11.92	1.43	38.97	101540	-9999
81	12.96	1.32	36.6	101500	-9999
81	13.91	1.29	33.37	101500	-9999
81	14.08	1.55	29.71	101500	-9999
81	15.19	1.6	29.86	101400	-9999
81	16.49	1.25	25.03	101400	-9999
81	17.03	1.35	25.67	101400	-9999
81	16.66	2.02	27.21	101300	-9999
81	16	2.62	27.9	101300	-9999
81	16.78	1.86	17.88	101300	-9999
81	16.43	2.08	20.02	101300	-9999
81	16.36	2.33	23.39	101300	-9999
81	16.17	2.09	25.22	101220	-9999
81	15.94	1.3	27.05	101200	-9999
81	15.38	0.91	29.33	101200	-9999
81	13.79	1.15	35.46	101300	-9999
81	12.17	2.23	45.7	101300	-9999
81	11.04	1.66	48.54	101300	-9999
81	10.54	1.28	49.78	101300	-9999
81	9.92	0.97	52.09	101300	-9999
81	9.65	1.87	52.5	101300	-9999
81	9.33	1.35	52.61	101300	-9999
81	8.45	0.67	56.97	101380	-9999
81	6.71	0.69	64.75	101380	-9999
81	6.78	0.69	64.6	101400	-9999
82	5.24	0.69	70.03	101400	-9999
82	4.47	0.47	73.19	101400	-9999
82	4.53	0.79	75.25	101400	-9999
82	4.05	0.77	76.19	101400	-9999
82	3.5	0.46	78.41	101440	-9999
82	2.97	0.76	78.93	101500	-9999
82	2.52	0.84	79.32	101440	-9999
82	2.05	0.42	82.6	101400	-9999
82	1.67	0.88	82.36	101400	-9999
82	1.53	0.61	83.68	101400	-9999
82	0.94	0.58	86.08	101400	-9999
82	1.09	0.25	86.74	101500	-9999
82	0.7	0.59	85.43	101500	-9999
82	0.55	0.58	85.98	101500	-9999
82	0.54	0.57	86.91	101600	-9999
82	1.13	0.36	86.55	101600	-9999
82	3.19	0.33	79.51	101600	-9999
82	5.07	0.66	73.39	101600	-9999
82	6.32	0.71	67.18	101600	-9999
82	7.56	1.25	61.5	101600	-9999
82	9.13	1.06	54.92	101600	-9999
82	10.1	1.21	51.34	101600	-9999
82	10.96	1.52	51.21	101600	-9999
82	11.71	2.08	48.38	101600	-9999
82	13.02	1.15	46.36	101600	-9999
82	13.34	1.41	44.88	101500	-9999
82	14.5	1.19	42.28	101500	-9999
82	15.36	0.99	39.98	101500	-9999
82	15.92	1.3	38.92	101500	-9999
82	17.16	1.64	37.06	101400	-9999
82	16.91	1.47	37.26	101400	-9999
82	17.1	1.53	36.95	101400	-9999
82	17.33	1.09	37.67	101300	-9999
82	17.14	1.86	36.63	101300	-9999
82	17.47	0.88	34.69	101300	-9999
82	16.96	1.13	34.92	101300	-9999
82	16.86	1.82	28.19	101300	-9999
82	16.33	0.67	26.87	101270	-9999
82	15.29	0.59	31.61	101200	-9999
82	12.75	0.79	45.74	101250	-9999
82	10.88	0.95	55.98	101200	-9999
82	9.36	0.66	60.97	101200	-9999
82	8.62	0.49	64.85	101200	-9999
82	7.82	0.81	69.43	101200	-9999
82	7.5	0.86	71.2	101200	-9999
82	6.96	0.98	71.68	101200	-9999
82	6.16	0.67	74.72	101200	-9999
82	5.69	0.46	77.46	101200	-9999
83	5.62	0.68	75.97	101200	-9999
83	4.83	0.45	80.05	101100	-9999
83	4.56	0.71	79.47	101100	-9999
83	4.65	0.66	80.59	101100	-9999
83	4.39	0.77	81.64	101100	-9999
83	3.81	0.63	83.33	101100	-9999
83	3.67	0.39	82.58	101000	-9999
83	3.1	0.76	85.03	101000	-9999
83	2.85	0.55	85.69	101000	-9999
83	2.52	0.39	86.69	100970	-9999
83	2.56	0.61	85.75	100950	-9999
83	2.48	0.66	86.87	100900	-9999
83	2.02	0.65	87.22	100900	-9999
83	2	0.57	86.76	100900	-9999
83	1.81	0.5	87.74	100900	-9999
83	2.03	0.43	87.64	100900	-9999
83	3.49	0.82	86.48	100900	-9999
83	6.36	0.58	76.94	100900	-9999
83	7.92	0.87	70.85	100900	-9999
83	9.09	0.96	66.41	100900	-9999
83	10.24	0.77	60.9	100900	-9999
83	11.34	1.12	57.4	100900	-9999
83	12.01	1.07	56.94	100900	-9999
83	13.41	0.88	52.11	100900	-9999
83	15.06	1.25	47.05	100900	-9999
83	15.3	1.45	46.46	100800	1.4425
83	16.82	1.38	43.28	100800	1.49622
83	17.66	1.2	42.27	100800	1.40846
83	18.51	1.34	41.02	100700	1.4133
83	19.63	1.31	39.95	100700	1.33911
83	19.67	0.97	39.61	100600	0.89887
83	20.79	0.9	36.06	100600	0.71311
83	21	0.71	35.02	100500	0.80711
83	21.39	1.07	28.55	100500	0.73868
83	22.13	0.72	27.83	100400	0.60338
83	22.16	1.3	28.52	100400	0.43657
83	21.51	0.57	29.58	100360	0.12336
83	20.48	1.06	34.37	100300	0.0522
83	18.28	0.89	43.16	100300	0.00217
83	18.17	1.95	29.71	100300	0
83	16.38	2.33	33.18	100300	0
83	14.82	3.12	36.1	100300	0
83	14.3	2.25	38.14	100300	0
83	13.78	1.08	39.6	100300	0
83	13.44	0.9	41.09	100300	0
83	13.3	1.03	39.44	100300	0
83	13.54	1.28	33.76	100300	0
83	13.14	0.61	35.13	100300	0
84	12.45	0.48	41.74	100220	0
84	11.39	0.86	48.19	100150	0
84	11.75	0.46	45.18	100200	0
84	11.19	0.7	51.23	100100	0
84	11.29	0.63	50.06	100000	0
84	10.68	0.89	55.06	100000	0
84	10.34	0.49	57.92	100000	0
84	10.27	0.56	61.74	99930	0
84	10.99	2.04	61.99	99940	0
84	10.34	2.46	74.64	100000	0
84	9.52	1.44	80.89	100000	0
84	9.33	1.87	80.58	99900	0
84	8.96	1.48	83.76	99900	0
84	9.2	1.06	82.33	99800	0.00032
84	9	1.15	84.43	99800	0.01146
84	9.07	1.08	85.06	99800	0.04593
84	9.32	1.43	83.77	99700	0.12511
84	9.95	2.17	80.07	99700	0.13934
84	10.23	1.19	78.93	99700	0.15881
84	10.01	2.47	81.78	99700	0.19145
84	10.99	3.21	80.92	99660	1.08249
84	10.82	3.01	79.77	99700	0.48941
84	12.7	3.06	72.96	99700	1.2342
84	13.16	2.8	70.11	99690	1.22953
84	14.19	3.65	59.43	99600	0.92141
84	11.9	3.87	67.78	99670	0.22588
84	9.54	3.08	75.7	99700	0.19265
84	9.89	2.76	78.27	99700	0.62487
84	12.22	3.24	71.55	99600	0.95738
84	12.85	3.08	67.86	99600	0.79633
84	13.16	3.45	64.1	99650	0.92695
84	11.23	4.16	70.78	99700	0.04793
84	9.42	1.81	83.7	99700	0.16694
84	10.44	1.34	82.74	99700	0.59223
84	11.01	2.76	76.83	99700	0.35237
84	10.95	1.69	76.79	99700	0.28241
84	11.17	2.34	75.18	99700	0.17892
84	10.34	1.88	78.61	99700	0.03804
84	10.17	1.63	77.32	99600	0.00397
84	9.69	2.05	79.15	99600	0
84	9.22	1.91	84.76	99620	0
84	9.09	1.47	83.43	99700	0
84	8.7	1.48	84.14	99600	0
84	8.31	2.03	85.06	99600	0
84	8.22	1.65	84.93	99600	0
84	7.96	1.3	86.01	99600	0
84	7.87	0.75	85.8	99600	0
84	7.82	1.08	87.09	99600	0
85	7.85	1.05	87.46	99500	0
85	7.9	0.99	86.94	99500	0
85	7.73	0.59	87.14	99500	0
85	7.72	1.2	86.53	99500	0
85	7.82	0.67	86.86	99400	0
85	7.74	0.52	87.46	99400	0
85	7.77	0.98	87.14	99400	0
85	7.9	1.1	87.75	99300	0
85	7.74	1.2	88.79	99300	0
85	7.78	1.52	88.81	99300	0
85	7.72	1.01	89.31	99300	0
85	7.6	1.13	89.73	99300	0
85	7.52	1.58	89.01	99300	0
85	7.53	1.57	88.14	99300	0.00305
85	7.65	2.23	88.08	99300	0.01191
85	7.6	1.91	89.13	99300	0.0834
85	7.92	1.99	88.52	99280	0.2609
85	8.32	2.2	85.66	99200	0.26761
85	8.67	2.09	84.73	99280	0.36456
85	9.32	2.57	81.78	99200	0.3557
85	9.43	1.82	81.55	99230	0.23346
85	9.7	1.36	83.51	99200	0.20291
85	9.7	2.43	81.83	99200	0.30185
85	9.98	3.48	81.14	99200	0.47272
85	10.64	2.88	76.74	99200	0.4344
85	10.5	2.81	77.9	99200	0.66526
85	9.88	2.61	81.65	99210	0.18397
85	9.83	1.05	84.63	99200	0.54765
85	10.2	1.63	83.91	99200	0.62562
85	11.22	1.77	80.31	99200	0.87733
85	11.19	2	80	99200	0.6546
85	11.63	3.14	72.38	99200	0.36386
85	9.84	2.06	78.33	99200	0.10893
85	9.28	1.01	83.78	99200	0.4478
85	10.4	0.98	75.46	99200	0.38922
85	10.77	2.16	70.72	99200	0.28565
85	10.08	2.72	74.66	99200	0.03188
85	8.56	1.99	81.4	99300	0.01445
85	8.24	1.49	82.63	99300	0.001
85	8.1	2.13	83.24	99300	0
85	8.16	1.52	81.26	99300	0
85	7.85	1.36	85.3	99300	0
85	7.92	1.68	85.01	99300	0
85	7.9	1.32	86.36	99300	0
85	7.9	1.72	87.44	99300	0
85	7.54	2.14	87.93	99300	0
85	7.32	2.48	88.15	99300	0
85	7.3	2.45	87.88	99300	0
86	7.25	2.82	87.96	99320	0
86	7.13	2.8	88.85	99400	0
86	7.08	2.23	89.2	99300	0
86	7	2.85	88.98	99400	0
86	7.08	2.47	88.84	99400	0
86	7.11	2.13	88.97	99400	0
86	6.79	2.52	89.83	99400	0
86	7.1	3.04	88.7	99400	0
86	7.19	2.29	88.91	99420	0
86	7.4	2.26	88.11	99500	0
86	7.55	1.85	87.61	99500	0
86	7.53	2	88.58	99500	0
86	7.6	0.73	88.05	99600	0
86	7.94	2	86.55	99630	0.00514
86	8.09	1.04	85.91	99700	0.03062
86	8.1	1.63	85.93	99700	0.11038
86	8.39	1.2	85.97	99800	0.13075
86	9.22	2.01	82.88	99800	0.26174
86	9.65	2.04	79.47	99900	0.21512
86	9.95	1.72	79.32	99900	0.31099
86	11.54	2.44	72.97	100000	1.43628
86	11.39	2.78	70.47	100000	0.42402
86	11.96	2.33	67.78	100100	0.39856
86	11.25	2.56	70.81	100100	0.47423
86	11.67	1.87	69.77	100100	1.16903
86	11.95	1.77	70.05	100160	0.89022
86	12.91	2.76	60.96	100200	0.54777
86	11.08	2.69	76.4	100200	1.18727
86	12.46	2.63	69.01	100200	0.66691
86	12.86	2.37	69.35	100200	0.60785
86	11.72	2.34	78.21	100200	1.40196
86	12.54	2.46	69.57	100200	0.84835
86	11.34	3.18	78.11	100300	0.39883
86	10.87	3.09	77.59	100300	0.42299
86	10.74	2.4	77.61	100300	0.24409
86	10.81	2.97	75.82	100300	0.16469
86	10.57	1.25	76.78	100300	0.14687
86	10.5	0.89	74.46	100300	0.03333
86	10.33	0.71	74.6	100300	0.00042
86	10.2	0.67	75.67	100300	0
86	10.18	0.81	75.47	100310	0
86	10.27	0.93	77.7	100400	0
86	9.6	0.9	83.53	100300	0
86	9.7	0.75	83.87	100340	0
86	9.54	0.85	85.85	100300	0
86	9.57	0.76	86.37	100300	0
86	9.59	0.62	87.23	100300	0
86	9.45	1.22	85.72	100300	0
87	9.29	1.05	85.51	100300	0
87	9.19	1.22	85.99	100300	0
87	9	1.39	87.61	100200	0
87	8.89	1.4	88.49	100200	0
87	8.94	1.22	88.52	100200	0
87	9	1.76	88.11	100120	0
87	9.03	1.34	87.1	100100	0
87	9.07	1.02	87.42	100100	0
87	9.04	2.05	87.74	100000	0
87	9.01	1.1	87.98	100000	0
87	8.99	1.18	88.94	100000	0
87	9.03	1.46	88.96	100000	0
87	9.1	1.27	88.87	99910	0
87	9.27	1.88	87.98	99900	0.00077
87	9.12	1.6	89.26	99900	0.01385
87	9.2	1.81	89.25	99870	0.05272
87	9.46	2.17	89.15	99900	0.06086
87	9.6	1.68	89.47	99900	0.13596
87	9.85	2.97	89.29	99900	0.17912
87	10.2	2.41	89.23	99900	0.2363
87	10.48	2.24	89.26	99900	0.29616
87	11.13	1.99	88.15	99900	0.36368
87	11.5	3.14	85.52	99900	0.26738
87	11.1	2.85	88.68	99900	0.22248
87	11.22	2.7	89.25	99900	0.29033
87	11.57	2.53	88.29	99900	0.24504
87	11.47	4.13	88.57	99970	0.1963
87	11.63	1.79	86.83	99940	0.15221
87	11.46	1.75	85	99900	0.36301
87	11.75	1.28	85.43	99900	0.18214
87	11.6	1.19	88.28	99880	0.13908
87	11.41	1.06	88.31	99840	0.18633
87	11.5	1.15	89.32	99840	0.20369
87	11.5	1.76	89.65	99800	0.15147
87	11.58	2.02	89.5	99830	0.11307
87	11.7	1.16	89.78	99900	0.09048
87	11.71	1.47	89.45	99900	0.03859
87	11.59	1.52	84.04	99900	0.06792
87	11.36	1.45	82.97	99900	0.00697
87	11.12	1.12	84.54	99900	0
87	10.77	0.91	85.49	99900	0
87	10.6	1.45	88.36	100000	0
87	10.4	1.4	88.86	100000	0
87	10.21	1.6	88.49	100000	0
87	9.96	1.95	88.98	100000	0
87	9.83	1.08	89.52	99980	0
87	9.74	1.22	88.95	100000	0
87	9.56	1.72	89.28	100000	0
88	9.55	1.06	89.88	100000	0
88	9.27	1.29	89.3	100000	0
88	8.94	1.33	89.61	100000	0
88	9.3	2.06	88.19	100000	0
88	9.2	1.72	88.55	100000	0
88	8.85	2.08	89.27	100000	0
88	8.8	1.5	88.86	100000	0
88	8.94	1.96	87.69	100000	0
88	8.84	3.18	87.35	100000	0
88	8.8	1.92	88	100000	0
88	8.45	1.93	88.25	100000	0
88	8.46	2.27	87.4	100000	0
88	8.33	1.76	87.44	100000	0
88	8.41	2.2	86.69	100000	0.0123
88	8.5	2.43	86.34	100000	0.04018
88	8.52	2.8	86.04	100040	0.09835
88	8.58	2.09	86.76	100100	0.19902
88	9.28	2.99	77.84	100100	0.21556
88	9.23	2.56	81.77	100100	0.2545
88	9.29	3.67	80.6	100100	0.26626
88	9.11	3.69	77.65	100120	0.23298
88	8.766666667	2.166666667	80.61666667	100200	0.29269
88	9.13	2.42	83.25	100185	0.33086
88	9.49	2.67	85.88	100170	0.70166
88	10.62	2.34	83.67	100200	1.31725
88	11.45	2.49	80.1	100200	0.47593
88	9.29	3.13	83.05	100200	0.40173
88	10.33	2.06	81.93	100200	1.65812
88	11.61	2.44	77.08	100200	1.55218
88	13.21	4.22	67.65	100200	1.78953
88	13.79	2	62.75	100200	1.30055
88	12.9	2.35	59.43	100200	0.41213
88	13.38	1.85	59.3	100200	1.2012
88	12.9	1.86	60.15	100200	0.42861
88	10.63	2.25	75.78	100200	0.75517
88	10.78	1.82	74.98	100200	0.21249
88	10.63	1.87	76.15	100200	0.15528
88	10.27	1.48	76.59	100250	0.04488
88	9.83	1.73	77.9	100300	0.00546
88	9.39	1.75	78.43	100300	0
88	8.96	2.03	79.71	100300	0
88	8.59	2.03	80.26	100300	0
88	8.54	1.84	80.17	100400	0
88	8.37	2.1	81.68	100400	0
88	7.93	0.59	84.38	100400	0
88	7.92	0.6	85.23	100400	0
88	7.89	0.86	85.07	100400	0
88	7.72	0.94	85.84	100500	0
89	7.53	1.12	87.55	100500	0
89	7.38	1.01	87.96	100500	0
89	7.1	0.97	88.79	100500	0
89	7.03	1.15	88.73	100500	0
89	7.14	1.24	87.13	100500	0
89	6.84	0.41	88.53	100500	0
89	7.01	0.83	87.8	100500	0
89	6.57	1.29	90.09	100500	0
89	6.51	1.57	89.5	100500	0
89	5.9	1.07	89.4	100600	0
89	6.06	0.42	89.31	100600	0
89	5.93	1	90.13	100600	0
89	5.93	0.69	89.85	100600	0
89	6.07	0.6	89.18	100600	0.01657
89	5.63	0.4	90.4	100620	0.08482
89	5.77	0.6	91.25	100700	0.21497
89	6.69	1	88.09	100700	0.2847
89	7.57	1.15	83.65	100700	0.42469
89	8.29	1.09	81.15	100700	0.39828
89	9.55	1.7	73.9	100700	1.07382
89	9.97	1.22	68.05	100700	0.55134
89	9.19	1.37	74.61	100700	0.33592
89	10.01	1.55	69.93	100700	1.22928
89	10.65	1.64	64.1	100700	1.07687
89	11.55	2.52	57.99	100700	1.21546
89	11.13	2.34	62.02	100680	0.55086
89	10.02	1.39	71.37	100600	0.54548
89	11.19	1.03	65.72	100600	1.59566
89	11.55	1.96	65.1	100600	0.37517
89	10.13	1.65	67.87	100600	0.8063
89	10.9	1.47	67.7	100600	0.62547
89	10.69	2.02	56.58	100600	0.52813
89	11.29	2.37	57.65	100600	0.69948
89	11.12	1.88	61.13	100600	0.52119
89	11.24	1.56	65.93	100560	0.32819
89	10.81	1.33	62.06	100520	0.22402
89	10.6	0.76	64.51	100500	0.15107
89	10.44	0.98	65.18	100550	0.07716
89	9.5	1.08	71.04	100600	0.00904
89	8.78	0.81	74.38	100600	0
89	8.22	0.99	78.68	100600	0
89	7.7	0.35	79.59	100600	0
89	6.24	0.48	84.07	100550	0
89	6.65	0.52	84.93	100500	0
89	5.49	0.61	86.33	100500	0
89	4.94	0.5	89.32	100500	0
89	4.61	0.57	88.6	100410	0
89	3.69	0.67	90.36	100400	0
90	3.75	0.59	90.88	100400	0
90	3.51	0.44	90.82	100380	0
90	3.22	0.42	90.84	100300	0
90	2.78	0.44	91.32	100300	0
90	2.8	0.44	92.01	100300	0
90	2.41	0.52	91.78	100200	0
90	2.31	0.57	91.95	100200	0
90	2.16	0.41	91.98	100100	0
90	2.62	0.44	92.27	100100	0
90	2.44	0.48	91.91	100100	0
90	2.44	0.35	91.75	100000	0
90	2.79	0.59	91.66	99990	0
90	2.81	0.57	91.26	99900	0.00003
90	2.99	0.51	91.12	99900	0.00706
90	3.27	1.03	90.57	99900	0.0502
90	3.63	0.39	89.88	99900	0.11225
90	4.16	1.14	89.79	99880	0.14714
90	4.78	0.79	88.22	99890	0.19689
90	5.34	1.01	86.62	99900	0.1958
90	5.81	0.75	84.35	99900	0.23136
90	6.3	1.1	83.05	99900	0.57895
90	7.05	1.02	76.92	99800	0.26706
90	7.15	0.9	79.56	99860	0.26678
90	7.52	1.93	79.09	99800	0.27001
90	7.75	1.75	81.43	99800	0.36263
90	8.28	1.26	80.84	99800	0.48197
90	8.83	0.83	80.17	99800	0.43428
90	8.6	1.08	80.78	99800	0.41004
90	9.04	0.88	79.64	99760	0.3553
90	8.94	0.94	78.3	99700	0.35737
90	8.8	1.25	80.04	99700	0.43402
90	9.34	0.58	77.23	99700	0.30335
90	9.22	1.09	79.21	99600	0.20266
90	9.74	0.73	75.7	99600	0.1794
90	9.9	0.44	76.11	99600	0.18115
90	9.9	0.8	78.3	99600	0.16954
90	9.76	0.84	78.49	99500	0.05919
90	9.6	0.8	80.19	99500	0.02017
90	9.1	0.96	83.05	99500	0.0029
90	9	0.81	81.98	99500	0
90	8.9	0.74	80.86	99600	0
90	8.77	0.94	81.06	99600	0
90	8.23	1.14	85.16	99700	0
90	7.77	1.17	85.34	99700	0
90	7.14	0.96	89.05	99700	0
90	6.93	1.15	90.29	99700	0
90	6.99	1.32	89.92	99700	0
90	6.82	1.17	90.11	99800	0
91	6.89	1.33	90.34	99800	0
91	6.9	0.9	89.89	99800	0
91	6.76	1.04	89.65	99800	0
91	6.6	0.89	89.78	99800	0
91	6.59	0.95	89.87	99900	0
91	6.71	0.65	89.15	99900	0
91	6.44	0.77	89.43	99840	0
91	6.31	0.51	89.76	99870	0
91	6.27	0.96	89.89	99900	0
91	6.27	0.94	89.72	99900	0
91	6.22	0.77	90.25	99900	0
91	6.1	0.29	90.32	99900	0
91	6.11	0.5	89.67	99900	0.00003
91	5.93	0.37	90.26	99900	0.01054
91	5.7	0.55	90.99	99900	0.05975
91	5.8	0.82	91.04	100000	0.14071
91	6.17	0.74	90.45	100000	0.22767
91	6.88	0.96	86.94	100000	0.39007
91	7.52	0.96	82.02	100100	0.38487
91	8.02	0.65	79.94	100100	0.48033
91	8.46	1.1	79.05	100100	0.57435
91	8.67	1.07	75.74	100200	0.65024
91	9.64	0.97	73.78	100200	0.97887
91	10.53	0.53	69.78	100200	1.24036
91	10.74	1.29	64.13	100200	1.08094
91	11.18	1.16	64	100200	0.7839
91	11.42	1.36	63.03	100200	0.77264
91	11.54	1.22	60.82	100200	0.85117
91	11.75	1.37	60.82	100200	0.94311
91	12.13	1.14	59.9	100200	0.76341
91	12.47	1.05	59.04	100200	0.59278
91	12.39	0.81	60.77	100200	0.52087
91	11.74	0.81	63.82	100200	0.44736
91	12.14	1.28	62.03	100200	0.36843
91	11.98	1.87	62.38	100200	0.12725
91	10.23	2.02	79.78	100200	0.04585
91	9.04	1.35	83.52	100300	0.03082
91	9.19	0.94	83.88	100290	0.03283
91	9.7	0.73	84.49	100300	0.00721
91	9.73	0.79	84.31	100300	0
91	9.27	0.5	85.83	100300	0
91	8.63	0.85	87.9	100400	0
91	7.98	0.71	88.8	100400	0
91	7.68	0.88	89.16	100400	0
91	7.3	0.49	89.19	100400	0
91	6.99	1.12	89.15	100400	0
91	6.54	0.88	89.32	100400	0
91	6.22	0.6	89.54	100410	0
92	5.92	1.38	89.39	100500	0
92	6.1	0.61	89.44	100500	0
92	6.27	0.78	89.42	100500	0
92	6.45	1	88.84	100500	0
92	6.23	0.72	90.14	100500	0
92	5.97	0.4	90.7	100500	0
92	5.72	0.68	91	100500	0
92	5.15	0.53	91.08	100500	0
92	4.35	0.71	91.67	100500	0
92	3.82	0.59	91.74	100500	0
92	3.53	0.79	92.13	100530	0
92	3.21	0.65	92.32	100600	0
92	3.01	0.36	92.59	100600	0.00037
92	2.71	0.5	92.62	100700	0.02466
92	2.64	0.73	92.64	100700	0.08934
92	3.63	0.78	92.65	100700	0.16831
92	5.79	0.58	89.68	100700	0.31441
92	7.52	1.49	80.55	100800	0.54967
92	8.67	1.22	78.68	100800	0.58691
92	9.48	1.35	73.44	100800	1.10154
92	10.44	1.33	68.16	100800	1.07815
92	11.11	1.24	68.08	100800	1.35958
92	11.71	1.33	66.25	100800	1.42682
92	12.52	1.2	61.44	100800	1.5441
92	13.26	1.22	61.92	100800	1.58248
92	13.85	1.64	59.02	100800	1.62686
92	14.29	1.79	56.11	100800	1.55428
92	15.06	1.69	53.55	100800	1.72796
92	15.4	1.58	50.2	100800	1.00172
92	15.53	2.27	48.86	100740	0.99644
92	15.71	1.89	46.46	100700	1.42181
92	15.96	1.29	47.37	100700	1.04876
92	15.85	1.92	46.26	100700	0.85689
92	15.76	1.88	46.75	100700	0.79224
92	15.46	1.54	46.14	100700	0.28701
92	15.72	1.17	47.67	100700	0.40077
92	14.21	1.72	60.79	100690	0.14101
92	12.87	1.99	64.57	100700	0.0477
92	12.01	1.97	65.36	100700	0.00996
92	11.32	1.76	66.37	100630	0
92	10.94	2.4	67.2	100700	0
92	10.58	1.55	68.01	100700	0
92	10.19	2.29	68.7	100700	0
92	9.39	0.83	72.41	100700	0
92	8.73	1.12	75.69	100700	0
92	8.42	0.79	77.43	100700	0
92	7.72	0.75	79.77	100700	0
92	7.17	0.58	82.04	100700	0
93	6.8	0.72	82.98	100700	0
93	6.82	0.91	83.13	100700	0
93	5.92	0.61	86.16	100700	0
93	6.5	0.49	85.16	100700	0
93	6.56	1.05	83.3	100700	0
93	5.97	0.85	86.11	100700	0
93	5.76	0.75	86.67	100640	0
93	5.59	0.53	87.47	100600	0
93	5.09	0.88	87.45	100600	0
93	4.67	0.65	88.34	100600	0
93	4.93	0.55	87.69	100600	0
93	5.3	0.36	86.59	100600	0
93	5.18	0.28	86.89	100600	0.00025
93	5.49	0.5	85.63	100600	0.01537
93	5.35	0.42	86.79	100600	0.07843
93	5.75	0.45	86.58	100600	0.15383
93	6.61	0.57	84.45	100600	0.26237
93	7.64	0.52	81.32	100600	0.34187
93	8.71	1.06	78.01	100600	0.51343
93	9.39	2.07	74.72	100600	0.47199
93	9.95	2.61	72.74	100600	0.56157
93	10.47	2.02	71.03	100600	0.64817
93	11.62	1.8	63.27	100600	0.7381
93	12.2	1.93	61.55	100600	0.68581
93	12.92	1.85	58.85	100530	0.90874
93	13.36	1.84	55.81	100500	0.6108
93	13.89	2.38	51.79	100500	0.58798
93	13.8	2.15	51.03	100500	0.31843
93	12.58	2.09	57.02	100500	0.28443
93	12.36	3.53	59.88	100500	0.39122
93	12.38	3.7	61.37	100500	0.64142
93	12.08	3.59	63.8	100500	0.49303
93	11.88	2.27	66.26	100500	0.37245
93	10.99	3.1	70.58	100500	0.21694
93	11.19	1.61	70.36	100500	0.15626
93	11.3	1.75	67.82	100500	0.16943
93	11.11	1.37	67.27	100500	0.07174
93	10.49	1.87	68.95	100500	0.02341
93	10.03	2.13	71.18	100500	0.00329
93	9.96	1.6	71.57	100500	0
93	9.87	1.66	72.94	100500	0
93	9.76	1.3	73.92	100590	0
93	9.7	1.32	72.5	100560	0
93	9.76	1.4	71.35	100600	0
93	9.25	1.01	75.88	100600	0
93	9.18	0.96	78.08	100600	0
93	8.96	1.57	81.5	100600	0
93	8.8	2.02	83.21	100600	0
94	8.81	1.65	83.41	100600	0
94	8.98	1.43	82.9	100600	0
94	8.75	1.65	84.96	100500	0
94	8.4	1.72	88.1	100500	0
94	8.21	1.12	89.27	100500	0
94	8.16	0.87	88.47	100500	0
94	8	0.6	89.25	100500	0
94	8.1	1.06	89.08	100500	0
94	8.01	0.74	89.74	100500	0
94	7.79	1.06	90.19	100500	0
94	7.6	0.59	89.66	100500	0
94	7.5	0.47	90.58	100500	0
94	7.46	0.53	91.05	100530	0.00045
94	7.48	0.31	91.07	100600	0.02179
94	7.4	0.79	90.92	100600	0.07696
94	7.71	0.71	90.77	100600	0.20558
94	8.09	0.97	89.18	100600	0.3219
94	8.97	0.56	83.69	100600	0.46135
94	9.68	1.36	80.55	100600	0.69911
94	10.36	1.43	76.19	100600	1.16509
94	11.6	1.52	69.55	100600	1.21693
94	12.24	2.67	56.2	100600	1.46152
94	11.8	2.49	59.91	100600	0.74089
94	12.75	1.88	51.1	100600	1.63904
94	14.07	1.72	44.07	100600	1.84342
94	13.63	2.32	46.45	100600	1.41796
94	13.94	2.2	42.93	100600	1.44457
94	13.57	2.73	47.22	100600	1.68727
94	14.57	2.19	44.11	100500	1.59626
94	14.41	1.87	45.46	100500	1.41424
94	14.78	1.83	46.59	100500	0.96198
94	14.36	1.47	48.44	100500	0.5141
94	14.08	1.26	50.12	100500	0.45397
94	13.59	1.84	53.73	100500	0.39873
94	13.78	0.88	51.5	100500	0.26082
94	13.16	1.46	54.65	100500	0.13631
94	12.91	1.96	55.64	100500	0.07289
94	12.52	2.14	55.4	100500	0.05951
94	12.4	1.11	53.64	100500	0.01233
94	11.77	1.31	55.21	100500	0
94	10.85	1.17	63.87	100600	0
94	10.7	1.96	62.67	100600	0
94	10.39	1.03	66.15	100600	0
94	10.17	1.27	67.99	100600	0
94	9.8	1.19	70.64	100600	0
94	9.6	0.99	72.78	100600	0
94	9.05	0.81	78.75	100600	0
94	9.33	0.94	78.2	100690	0
95	9.31	1.25	80.2	100700	0
95	8.79	1.54	85.75	100700	0
95	8.7	1.26	87.59	100700	0
95	8.66	0.97	88.02	100660	0
95	8.8	1.01	88.02	100700	0
95	9.09	1.45	85.98	100700	0
95	9.1	1.24	85.66	100700	0
95	9.17	1.07	84.68	100700	0
95	9.07	1.42	85.41	100700	0
95	9.1	1.26	86.07	100700	0
95	9.16	1.09	86.22	100700	0
95	9.1	1.16	86.76	100700	0
95	9.1	1.45	87.3	100760	0.00055
95	9.22	1.71	86.88	100800	0.02067
95	9.36	1.57	86.29	100800	0.05075
95	9.57	1.15	85.64	100800	0.11966
95	10.09	1.43	84.87	100800	0.31212
95	10.88	1.27	82.64	100900	0.40814
95	11.11	2.39	80.45	100900	0.29327
95	10.83	1.8	83.76	100900	0.35806
95	11.76	2.07	79.35	101000	0.20408
95	11.28	2.24	81.22	101000	0.26419
95	12.03	1.93	77.34	101000	0.25823
95	11.89	1.82	76.99	101000	0.20772
95	12.04	1.39	76.76	101000	0.21689
95	12.31	2.09	74.23	101000	0.25426
95	12.41	2.2	75.3	101000	0.39221
95	12.86	2.02	73.74	101000	0.31703
95	12.65	2.51	74.82	101000	0.25957
95	12.73	2.12	75.44	101000	0.25328
95	12.83	1.43	76.97	101000	0.2719
95	13.26	1.76	75.06	101000	0.45421
95	13.46	2.16	74.1	101000	0.34968
95	12.93	2.93	76.17	101000	0.22977
95	13.24	3.61	72.53	101070	0.3343
95	13.22	2.74	71.23	101040	0.20646
95	12.99	2.31	71.36	101100	0.11312
95	12.42	2.74	74.58	101100	0.03827
95	12.1	2.72	75.63	101100	0.00711
95	11.93	1.43	77.48	101100	0
95	10.9	2.99	81.85	101110	0
95	10.61	1.48	83.43	101200	0
95	10.35	1.87	83.4	101200	0
95	10.2	1.33	84.39	101200	0
95	10.4	1.54	80.4	101200	0
95	10.44	1.01	81.01	101200	0
95	10.34	0.63	82.38	101200	0
95	10.18	0.32	82.8	101300	0
96	10.46	0.86	81.5	101300	0
96	10.54	0.89	83.07	101300	0
96	10.6	1.2	84.08	101300	0
96	10.68	1.12	84.6	101300	0
96	10.8	1.06	84.39	101300	0
96	10.81	1.52	85.17	101300	0
96	10.71	1.78	85.83	101300	0
96	10.7	1.23	86.14	101300	0
96	10.7	0.99	86.39	101300	0
96	10.68	0.72	86.64	101300	0
96	10.7	1.02	86.68	101320	0
96	10.7	1.46	86.81	101400	0
96	10.8	1.27	86.27	101400	0.00082
96	10.85	0.78	86.68	101400	0.0206
96	10.7	0.8	87.47	101400	0.04908
96	10.78	1.01	88.36	101500	0.0825
96	10.97	0.9	88.92	101500	0.12775
96	11.39	1.06	87.53	101500	0.22216
96	11.9	0.63	88.53	101580	0.26556
96	12.3	0.77	87.87	101600	0.31006
96	12.57	0.94	87.15	101600	0.6239
96	12.92	1.13	84.91	101700	0.61162
96	13.51	1.16	80.22	101700	0.8315
96	13.98	1.6	79.11	101700	0.3722
96	13.79	1.45	83.44	101700	0.79835
96	14.83	1.94	76.82	101700	0.73049
96	15.44	1.59	74.54	101700	0.87514
96	16.08	1.88	71.42	101700	0.83934
96	16.85	1.48	67.02	101700	0.85889
96	17.04	1.18	62.49	101700	0.75263
96	17.55	2.2	54.65	101700	0.9606
96	17.97	1.72	55.24	101600	1.3142
96	18.49	1.38	53.44	101600	1.16696
96	18.68	1.84	49.85	101600	0.93033
96	18.81	2	49.65	101600	0.82579
96	18.44	1.85	55.26	101600	0.19081
96	17.93	1.62	58.11	101600	0.14008
96	17.06	1.38	64.53	101600	0.08127
96	15.35	1.92	71.1	101600	0.02382
96	13.94	1.8	76.44	101600	0.00008
96	13.33	2.01	78.54	101600	0
96	12.95	1.46	79.26	101600	0
96	12.47	0.88	80.67	101600	0
96	12.09	0.72	82.01	101600	0
96	11.16	0.39	84.91	101600	0
96	10.27	0.52	85.87	101600	0
96	9.78	0.48	88.21	101600	0
96	9.06	0.38	88.89	101600	0
97	8.72	0.65	89.22	101600	0
97	8.24	0.6	89.69	101600	0
97	8.1	0.61	90.18	101600	0
97	7.97	0.45	89.85	101600	0
97	7.56	0.24	90.39	101500	0
97	7.8	0.31	91.07	101500	0
97	6.62	0.79	90.42	101500	0
97	6.8	0.44	91.8	101500	0
97	6.67	0.29	91.67	101500	0
97	6.82	0.32	92.07	101500	0
97	7.24	0.27	92.13	101500	0
97	7.45	0.54	92.28	101500	0
97	7.36	0.37	92.3	101500	0.00187
97	7.56	0.5	92.3	101500	0.03317
97	7.85	0.7	92.39	101500	0.08697
97	8.3	0.82	92.37	101500	0.16611
97	8.47	0.71	92.3	101500	0.21931
97	8.84	0.47	92.15	101400	0.22834
97	9.12	0.91	91.89	101400	0.28323
97	9.38	0.93	91.36	101400	0.35794
97	9.96	0.68	89.53	101400	0.42729
97	10.38	1.14	86.57	101400	0.53753
97	11.37	0.94	82.54	101400	0.71548
97	12.62	1.47	76.22	101400	1.64831
97	13.92	1.43	72.72	101300	1.58631
97	15.12	1.06	66.68	101300	1.67541
97	17.35	1.31	57.87	101220	1.6382
97	18.23	1.14	55.45	101200	1.58715
97	19.27	1.08	54.82	101200	1.55028
97	19.89	1.27	53.13	101100	1.51024
97	20.99	1.16	50.43	101100	1.3756
97	21.63	1.04	49.84	101100	1.19426
97	22.38	1.25	50.36	101100	1.03891
97	20.95	3.28	52.97	101100	0.86383
97	20.2	3.2	53.65	101100	0.73969
97	19.97	1.72	55.13	101100	0.27482
97	18.23	2.53	59.78	101020	0.18861
97	17.15	3.08	60.37	101000	0.10374
97	16.14	4.49	61.1	101000	0.02317
97	15.24	3.83	64.13	101100	0.00017
97	14.5	5.62	65.59	101100	0
97	13.73	4.77	69.1	101100	0
97	12.64	5.11	74.12	101200	0
97	11.62	3.34	78.15	101200	0
97	11.13	3.89	79.6	101200	0
97	10.99	2.39	79.29	101200	0
97	11.04	2.33	78.37	101210	0
97	11	2.94	78.27	101300	0
98	10.68	4.4	79.86	101300	0
98	10.35	2.32	82.07	101300	0
98	9.69	0.77	85.03	101300	0
98	9.44	0.76	85.4	101280	0
98	9.14	0.72	86.38	101200	0
98	8.58	0.6	86.67	101200	0
98	7.82	0.39	88.11	101200	0
98	7.42	0.48	89.04	101210	0
98	7.47	0.5	88.82	101210	0
98	6.33	0.67	90.37	101200	0
98	6.22	0.69	90.29	101200	0
98	6.26	0.55	90.79	101200	0
98	5.77	0.59	90.22	101200	0.00304
98	6.01	0.67	91.23	101300	0.04299
98	6.67	0.66	90.64	101300	0.10156
98	7.3	0.99	88.98	101300	0.20153
98	8.23	1.12	88.87	101300	0.29135
98	8.66	0.63	89.49	101300	0.21005
98	9.2	0.73	88.79	101240	0.33076
98	9.81	0.68	86.22	101300	0.39526
98	10.54	0.95	82.64	101210	0.56167
98	11.63	0.86	77.46	101200	1.11357
98	13.17	0.97	71.84	101200	1.4485
98	15.06	1.06	62.92	101200	1.45001
98	16.8	1.32	59.64	101200	1.52992
98	17.25	1.08	59.35	101100	1.444
98	17.92	1.41	56.9	101100	1.50807
98	18.78	1.6	55.7	101100	1.62569
98	19.75	1.58	53.79	101000	1.54594
98	20.07	1.34	54.17	101000	1.15038
98	20.97	1.59	52.63	101000	1.15488
98	21.53	1.5	49.37	101000	1.02727
98	21.25	3.03	46.52	101000	1.11814
98	20.14	3.7	48.57	101000	0.97658
98	19.96	2.51	47.22	101000	0.82572
98	18.73	3.5	50.03	100950	0.46193
98	17.66	3.27	55.26	100900	0.1781
98	16.33	3.75	60.03	100900	0.11097
98	14.96	2.21	65.22	100900	0.02156
98	14.16	3.12	67.63	100900	0.00005
98	13.7	2.82	69.61	101000	0
98	13.51	3.33	70.73	101000	0
98	13.49	0.84	71.56	101030	0
98	13.29	1.93	72.56	101100	0
98	12.96	2.13	74.76	101100	0
98	12.72	1.69	77.16	101200	0
98	12.64	1.7	77.75	101200	0
98	12.56	1.95	77.95	101200	0
99	12.5	1.49	78.38	101200	0
99	12.48	1.25	78.19	101250	0
99	12.4	1	78.41	101200	0
99	12.47	0.69	82.96	101200	0
99	12.39	0.56	84.97	101200	0
99	11.86	0.95	86.2	101200	0
99	11.52	0.69	86.52	101200	0
99	11.53	0.56	86.27	101200	0
99	11.68	0.51	85.72	101200	0
99	11.71	1.19	78.17	101200	0
99	11.11	1.09	81.88	101200	0
99	11.19	1.38	77.92	101200	0
99	10.59	1.64	74.37	101300	0.00424
99	10.02	1.49	68.52	101300	0.04046
99	9.72	1.62	70.21	101300	0.12807
99	10.21	1.81	65.61	101300	0.31326
99	10.65	2.37	59.34	101400	0.49688
99	10.94	2.34	57.91	101400	0.68937
99	11.41	1.63	58	101400	0.8842
99	12.62	1.8	53.45	101400	1.04345
99	12.68	1.89	53.03	101400	1.20192
99	13.36	2.3	50.71	101500	1.34173
99	13.6	2.13	48.28	101400	1.46869
99	15.27	1.37	45.23	101400	1.55578
99	15.62	1.37	44.96	101400	1.62402
99	15.32	2.83	42.6	101400	1.66923
99	15.58	2.66	41.37	101400	1.68108
99	16.45	2.21	37.05	101300	1.66373
99	16.6	2.48	32.6	101300	1.61534
99	16.56	3.06	29.03	101300	1.54594
99	17.04	3.36	25.5	101300	1.44884
99	16.8	1.82	27.68	101300	1.32121
99	16.77	2.14	27.91	101200	1.1676
99	17.22	2.43	27.45	101200	0.9939
99	17.24	1.84	27.28	101200	0.77939
99	17.37	2.14	27.96	101200	0.57353
99	16.8	1.94	29.36	101200	0.18431
99	16.55	1.45	31.52	101200	0.0792
99	16.29	0.8	34.49	101100	0.03133
99	15.2	0.54	40.14	101100	0.00055
99	13.87	0.63	47.22	101200	0
99	10.9	0.77	61.71	101200	0
99	10.36	0.58	64	101200	0
99	9.9	0.78	65.2	101200	0
99	9.5	0.57	66.84	101200	0
99	9.62	0.49	67.6	101200	0
99	10.66	0.67	60.66	101270	0
99	11.2	0.95	57.17	101300	0
100	10.86	1.06	56.3	101300	0
100	10.59	0.81	55.32	101300	0
100	10.41	0.52	56.76	101300	0
100	9.74	0.54	59.76	101300	0
100	9.43	0.93	62.01	101300	0
100	9.45	1.2	63.24	101300	0
100	8.84	0.8	65.71	101300	0
100	8.6	0.96	66.99	101300	0
100	8.43	0.84	67.06	101300	0
100	8.17	0.81	69.2	101300	0
100	8	0.95	69.78	101300	0
100	7.76	0.79	70.82	101300	0
100	7.2	0.65	72.5	101300	0.00702
100	6.32	0.71	76.06	101300	0.05072
100	5.9	0.43	78.41	101330	0.14974
100	8.3	1.25	64.35	101400	0.32524
100	9.52	1.34	58.9	101400	0.50888
100	9.85	1.9	54.98	101400	0.69998
100	10.55	2.27	52.49	101400	0.88744
100	10.97	1.67	52.6	101400	1.05451
100	11.9	1.48	48.66	101400	1.2161
100	12.88	1.4	46.81	101400	1.33806
100	14.16	1.2	37.68	101400	1.46335
100	15.07	2.88	27.57	101400	1.56963
100	15.63	1.71	26.71	101400	1.64287
100	16.3	2.12	25.06	101300	1.68175
100	17.51	2.26	20.87	101300	1.68241
100	17.21	2.54	22.2	101300	1.66723
100	17.6	2.25	25.12	101200	1.62269
100	18.41	1.9	25.29	101200	1.5416
100	18.66	2.26	25.74	101100	1.41797
100	18.85	2.65	26.39	101100	1.30836
100	18.71	2.97	25.6	101080	1.13907
100	19.05	1.72	25.62	101000	0.97903
100	18.9	2.91	26.43	101000	0.78368
100	19.41	1.54	27.09	101000	0.59737
100	18.54	1.62	30.65	100900	0.20585
100	17.56	2.63	32.56	100900	0.07993
100	17.04	0.86	35.04	100900	0.03142
100	16.3	1.31	38.18	100900	0.00067
100	15.31	0.77	41.58	100900	0
100	13.66	0.47	49.73	100900	0
100	12.19	0.52	55.59	100900	0
100	11.33	0.84	59.93	100900	0
100	10.63	0.56	62.55	100900	0
100	10.11	0.44	65.29	100900	0
100	10.11	0.56	66.1	100990	0
100	9.87	0.67	68.23	101000	0
101	12.08	0.85	57.51	101000	0
101	11.23	0.69	61.18	101000	0
101	11.2	0.38	59.86	101000	0
101	10.27	0.39	63.98	101000	0
101	8.73	0.69	71.31	101000	0
101	8.77	1.58	71.12	101000	0
101	8.81	1.18	70.38	101000	0
101	10.06	1.39	65.82	101000	0
101	9.95	1.03	65.76	101000	0
101	9.71	0.72	67.07	101000	0
101	9.27	0.45	68.08	101000	0
101	8.58	0.6	71.07	101000	0
101	8.05	0.4	72.99	101000	0.00904
101	8.66	1.11	70.87	101000	0.05496
101	8.73	1.28	70.14	101000	0.14056
101	10	2.3	64.32	101000	0.33823
101	10.34	2.5	62.63	101000	0.51961
101	11.03	2.07	60.11	101000	0.70482
101	11.53	2.6	56.76	101000	0.84551
101	12.78	1.75	52.87	101000	1.01327
101	13.06	2.54	50.3	101000	1.18149
101	14.63	1.78	47.2	101000	1.26148
101	15.42	1.51	42.61	101000	1.46402
101	16.83	1.74	40.59	101000	1.56196
101	17.19	2.02	38.98	101000	1.6382
101	16.76	2.47	39.9	101000	1.68108
101	17.53	2.03	38.43	100900	1.69393
101	18.12	2.28	37.86	100900	1.67474
101	18.73	2.33	36.97	100900	1.60567
101	19.23	2.01	35.89	100830	1.54561
101	19.43	2.84	35.5	100800	1.4485
101	19.82	2.54	33.74	100710	1.31904
101	19.59	3.28	34.57	100700	1.17307
101	19.56	2.33	36.57	100700	0.95236
101	19.49	2.85	37.83	100700	0.82192
101	19.41	1.89	38.78	100690	0.59799
101	19.02	1.83	40.62	100600	0.23665
101	18.67	1.5	41.97	100600	0.09008
101	18.41	0.71	43.4	100600	0.03966
101	16.98	1.62	49.63	100600	0.0013
101	15.28	1.69	59.7	100600	0
101	14.59	1.95	62.88	100600	0
101	13.86	1.53	65.59	100700	0
101	13.3	1.14	67.18	100700	0
101	12.46	1.58	69.8	100700	0
101	11.84	1.69	71.67	100700	0
101	10.89	0.67	75.1	100700	0
101	10.53	0.88	76.31	100700	0
102	9.89	0.77	77.83	100700	0
102	9.24	0.73	79.78	100700	0
102	8.67	0.76	81.03	100700	0
102	8.6	0.8	81.33	100700	0
102	8.41	0.6	81.92	100800	0
102	8.02	0.55	82.34	100800	0
102	7.59	0.54	81.6	100800	0
102	7.78	0.73	78.17	100800	0
102	7.47	0.9	77.78	100800	0
102	8	1.26	75.38	100800	0
102	7.72	1.33	75.25	100800	0
102	7.83	1.22	73.48	100800	0
102	7.7	0.97	72.74	100800	0.01068
102	7.66	0.79	72.33	100800	0.06687
102	8.15	1.57	69.66	100800	0.1789
102	9.11	0.74	65.16	100900	0.35442
102	9.53	1.81	62.55	100900	0.54468
102	10.66	1.4	58.62	100900	0.71741
102	11.44	1.55	56	100900	0.94233
102	10.71	1.9	57.81	100900	0.95553
102	11.47	2.06	55.92	100900	1.3167
102	11.98	2.47	53.34	100900	1.42164
102	12.34	1.55	52.24	100900	1.5396
102	13.59	2.04	48.16	100900	1.59366
102	13.8	1.87	47.05	100900	1.65956
102	14.49	1.75	44.68	100900	1.7006
102	15.86	1.43	40.35	100840	1.70844
102	16.63	1.46	37.97	100800	1.69126
102	16.81	2.85	35.37	100800	1.63954
102	16.69	1.91	37.79	100800	1.55912
102	17.17	1.53	38.5	100800	1.45251
102	17.89	1.81	37.85	100700	1.31487
102	18.05	1.74	37.5	100700	1.15665
102	18.06	1.64	38.06	100700	0.97727
102	18.14	1.81	38.82	100700	0.78156
102	17.79	2.18	40.72	100700	0.58534
102	17.38	1.82	41.56	100700	0.141
102	17.43	0.74	42.92	100700	0.08594
102	16.28	1.86	51.54	100700	0.03514
102	14.57	1.71	58.73	100700	0.00175
102	13.52	1.79	62.27	100800	0
102	12.86	1.56	64.06	100800	0
102	12.18	0.75	67.14	100900	0
102	11.25	0.66	70.86	100900	0
102	10.76	0.47	72.59	100900	0
102	10.23	0.58	73.77	100900	0
102	9.74	0.57	74.88	100970	0
102	9.03	0.37	77.19	101000	0
103	8.53	0.48	78.09	101000	0
103	11.83	1.6	55.51	101000	0
103	11.84	1.17	54.33	101040	0
103	11.63	1.77	54.54	101100	0
103	11.22	0.67	56.28	101100	0
103	10.35	0.71	60.58	101100	0
103	8.29	0.54	69.6	101100	0
103	7.6	0.99	73.69	101100	0
103	6.71	0.92	77.34	101100	0
103	6.19	0.52	79.2	101100	0
103	5.15	0.75	82.23	101100	0
103	5.25	0.51	82.96	101140	0
103	4.77	0.56	83.97	101200	0.0133
103	4.69	0.37	84.44	101200	0.0607
103	5.82	0.45	81.7	101200	0.19297
103	7.56	0.7	75.83	101300	0.38755
103	9.49	1.12	67.82	101300	0.53909
103	11.24	0.67	60.85	101300	0.72318
103	13.36	0.88	51.26	101300	0.91185
103	15.32	1.5	39.42	101300	1.08685
103	16.15	2.4	33.91	101300	1.24563
103	17.11	2.45	29.81	101300	1.38644
103	17.53	2.73	29.66	101300	1.50223
103	18.26	1.66	29.2	101300	1.59799
103	19.8	1.42	28.86	101300	1.65939
103	19.98	2.17	26.59	101300	1.69743
103	20.44	2.16	26.76	101240	1.70561
103	20.95	3	25.54	101200	1.68325
103	21.38	2.53	23.96	101200	1.63804
103	22.01	2.03	24.08	101200	1.55795
103	22.5	1.96	22.74	101100	1.45434
103	22.55	2.78	22.55	101100	1.32855
103	22.53	2.99	21.76	101100	1.18445
103	22.85	2.04	21.71	101000	1.01727
103	22.63	2.82	21.44	101000	0.837
103	22.35	2.27	22.45	101000	0.6385
103	21.77	2.01	23.64	100940	0.30757
103	21.05	2.77	24.46	100900	0.1007
103	20.22	2.45	25.89	100900	0.03555
103	19.42	2.32	27.12	100900	0.00207
103	18.93	1.97	26.93	100900	0
103	18.49	1.58	27.17	100900	0
103	18.1	1.86	26.96	101000	0
103	17.49	2.18	27.53	101000	0
103	16.86	1.66	28.15	101000	0
103	16.53	1.67	27.87	101000	0
103	16.04	1.05	27.85	101000	0
103	15.12	0.4	30.5	100980	0
					