!***Plot Details
&Plot
x0 = -50
y0 = -50
xmax = 50
ymax = 50 
xslope = 0
yslope = 0
bearing = 0
notrees = 904
/


!***Plot aerodynamics
&aerodyn			
zht = 10
zpd = 7
z0ht = 2
/

!***Multispecies list
&speclist
ispecies=
1
1
1
1
1
1
1
1
1
1
1
1
1
1
1
1
1
1
1
1
1
1
1
1
1
1
1
1
1
1
1
1
1
1
1
1
1
1
1
1
1
1
1
1
1
1
1
1
1
1
1
1
1
1
1
1
1
1
1
1
1
1
1
1
1
1
1
1
1
1
1
1
1
1
1
1
1
1
1
1
1
1
1
1
1
1
1
1
1
1
1
1
1
1
1
1
1
1
1
1
1
1
1
1
1
1
1
1
1
1
1
1
1
1
1
1
1
1
1
1
1
1
1
1
1
1
1
1
1
1
1
1
1
1
1
1
1
1
1
1
1
1
1
1
1
1
1
1
1
1
1
1
1
1
1
1
1
1
1
1
1
1
1
1
1
1
1
1
1
1
1
1
1
1
1
1
1
1
1
1
1
1
1
1
1
1
1
1
1
1
1
1
1
1
1
1
1
1
1
1
1
1
1
1
1
1
1
1
1
1
1
1
1
1
1
1
1
1
1
1
1
1
1
1
1
1
1
1
1
1
1
1
1
1
1
1
1
1
1
1
1
1
1
1
1
1
1
1
1
1
1
1
1
1
1
1
1
1
1
1
1
1
1
1
1
1
1
1
1
1
1
1
1
1
1
1
1
1
1
1
1
1
1
1
1
1
1
1
1
1
1
1
1
1
1
1
1
1
1
1
1
1
1
1
1
1
1
1
1
1
1
1
1
1
1
1
1
1
1
1
1
1
1
1
1
1
1
1
1
1
1
1
1
1
1
1
1
1
1
1
1
1
1
1
1
1
1
1
1
1
1
1
1
1
1
1
1
1
1
1
1
1
1
1
1
1
1
1
1
1
1
1
1
1
1
1
1
1
1
1
1
1
1
1
1
1
1
1
1
1
1
1
1
1
1
1
1
1
1
1
1
1
1
1
1
1
1
1
1
1
1
1
1
1
1
1
1
1
1
1
1
1
1
1
1
1
1
1
1
1
1
1
1
1
1
1
1
1
1
1
1
1
1
1
1
1
1
1
1
1
1
1
1
1
1
1
1
1
1
1
1
1
1
1
1
1
1
1
1
1
1
1
1
1
1
1
1
1
1
1
1
1
1
1
1
1
1
1
1
1
1
1
1
1
1
1
1
1
1
1
1
1
1
1
1
1
1
1
1
1
1
1
1
1
1
1
1
1
1
1
1
1
1
1
1
1
1
1
1
1
1
1
1
1
1
1
1
1
1
1
1
1
1
1
1
1
1
1
1
1
1
1
1
1
1
1
1
1
1
1
1
1
1
1
1
1
1
1
1
1
1
1
1
1
1
1
1
1
1
1
1
1
1
1
1
1
1
1
1
1
1
1
1
1
1
1
1
1
1
1
1
1
1
1
1
1
1
1
1
1
1
1
1
1
1
1
1
1
1
1
1
1
1
1
1
1
1
1
1
1
1
1
1
1
1
1
1
1
1
1
1
1
1
1
1
1
1
1
1
1
1
1
1
1
1
1
1
1
1
1
1
1
1
1
1
1
1
1
1
1
1
1
1
1
1
1
1
1
1
1
1
1
1
1
1
1
1
1
1
1
1
1
1
1
1
1
1
1
1
1
1
1
1
1
1
1
1
1
1
1
1
1
1
1
1
1
1
1
1
1
1
1
1
1
1
1
1
1
1
1
1
1
1
1
1
1
1
1
1
1
1
1
1
1
1
1
1
1
1
1
1
1
1
1
1
1
1
1
1
1
1
1
1
1
1
1
1
1
1
1
1
1
1
1
1
1
1
1
1
1
1
1
1
1
1
1
1
1
1
1
1
1
1
1
1
1
1
1
1
1
1
1
1
1
1
1
1
1
1
1
1
1
1
1
1
1
1
1
1
1
1
1
1
1
1
1
1
1
1
1
1
1
1
1
1
1
1
1
1
1
1
1
1
1
1
1
1
1
1
1
1
1
1
1
1
1
1
1
1
1
1
1
1
1
1
1
1
1
1
1
1
1
1
1
1
1
1
1
1
1
1
1
1
1
1
1
1
1
1
1
1
1
1
1
1
1
1
1
1
1
1
1
1
1

/

!***X & Y Coordinates
&xy
xycoords=
41.954926 -38.157686
9.900203 -40.974411
9.351292 -19.683384
-15.906836 -20.151374
-13.013867 -6.633528
-46.834203 -7.587389
-0.336371 -44.864573
-15.613604 2.988472
-10.424673 -46.859333
-26.563043 45.231817
-6.30489 14.928691
-13.642814 29.716668
-16.647981 43.77822
-15.886394 11.718964
-42.312686 -41.670997
-27.367774 17.155448
-8.445686 47.855559
2.600647 44.020527
-18.47498 20.329853
19.64435 33.675434
-22.149176 -37.16066
-2.527108 -14.34705
25.940325 -27.66073
-7.378493 39.002977
46.799034 -27.343964
-44.185582 42.258456
-28.638308 -31.829517
-37.915105 17.876676
39.033758 37.478598
33.157552 4.036018
-41.191693 2.950067
26.398187 -39.966942
-24.424059 7.992308
26.27087 42.539373
-25.699798 -9.998953
-0.147581 -5.504161
-8.613249 8.153461
46.933412 31.052561
36.803356 23.782368
42.32618 -10.823623
-32.28767 -46.82632
-22.65812 40.353417
17.306347 -43.396034
-39.039782 -34.427527
-34.654545 -1.277399
-33.440452 -24.612387
40.969749 3.935629
35.4381 -34.319053
2.6811 18.455376
-19.364935 32.955863
-47.288337 48.839208
21.872651 -12.399428
-39.849669 -14.481593
-13.84661 49.257866
-36.03567 5.507403
9.51205 -47.657808
44.665683 12.593883
-28.785272 23.560739
-34.469912 -38.789308
9.599887 18.87995
-7.437252 28.241482
-48.537423 -46.631414
25.575766 32.322241
3.236023 -18.448546
1.334331 12.183769
8.317568 -12.870342
-13.018916 -14.287201
14.805687 17.273866
-19.211277 -15.951339
21.003918 41.868229
34.533757 -29.046176
-19.537124 14.821918
-4.724234 32.394887
18.943851 14.197745
-23.540024 19.921174
-35.425723 21.712157
31.121372 -35.426408
39.921595 -15.264974
-18.376435 -11.742386
-17.409451 39.479116
19.49446 -30.750367
-2.030828 35.420786
-20.163186 9.2443
-2.972037 -41.905553
-15.377032 35.958639
-11.462487 33.06565
-9.790438 -20.274001
22.907615 45.459313
-3.779346 -46.268324
3.25233 -6.433508
39.957896 -41.132319
-38.761024 -42.522109
-23.584 47.091022
23.11939 -39.171265
34.168782 22.027543
1.458703 21.347904
-0.383892 44.239076
-32.782472 19.966701
44.360171 31.690129
-39.951613 48.634588
13.18879 -5.806058
9.264459 49.527051
-39.77506 -7.709813
16.624535 -15.609595
-17.321422 -46.180106
36.925799 -48.865931
4.595077 -30.80332
14.172688 28.502326
29.682326 -13.740488
48.58843 24.11837
-14.901831 -29.137453
22.319852 -3.353259
-30.667126 -14.533746
-25.398831 -17.541882
-2.154377 -21.577295
-18.007931 -2.507698
40.660386 -5.194306
26.649804 48.306089
42.158126 23.067328
7.709512 -24.56317
46.855202 -34.664532
-46.016152 -37.232802
3.382147 4.741544
32.10896 33.25454
10.460095 -29.77234
22.463339 1.335411
-9.281534 -10.894221
-1.356427 26.68974
2.325708 32.811597
25.24794 27.096786
19.400117 -8.023722
14.31893 -39.184014
25.982414 13.158246
28.013934 36.674139
14.891777 39.476883
21.471885 -25.001729
-25.80674 35.114734
2.906232 -24.471312
11.336689 12.699684
-20.349443 2.905377
-20.903402 24.573746
31.577246 25.446534
34.706949 39.376082
-6.268251 -9.513847
-11.429898 14.228534
-30.442589 35.00532
-46.204201 -16.385495
-23.549136 -22.136442
1.307675 -0.291583
17.070496 8.703592
-48.88544 41.007455
-34.49265 -5.878095
-45.833054 -20.649465
14.668841 3.681437
-3.44999 -28.777303
23.714651 21.064793
6.932635 6.989904
25.340966 -7.531639
24.959315 -22.994596
39.69048 8.961619
37.930467 -44.490789
28.615372 0.784556
-23.211109 -46.51039
8.354353 -0.843908
-5.456471 4.696497
24.34704 24.104096
-12.004302 40.025794
4.374498 26.899867
8.650984 46.019488
45.482951 4.682741
-16.958952 -31.435399
-15.191165 -1.6384
-0.534858 -30.012299
-40.432606 10.415066
-11.953296 22.997655
-41.579824 27.616317
7.524015 29.474382
42.600366 -31.833866
-32.542664 -18.210548
36.059338 9.668672
46.504334 -42.330713
38.567117 -28.842178
-39.58179 -46.369667
39.842222 32.502279
-25.424157 -39.93496
49.185241 15.365619
-23.421919 -1.85079
-13.542983 -25.70503
-41.897331 16.399772
35.449317 33.215997
38.781655 19.691787
-30.092549 -42.58724
-31.989411 -6.760973
0.683078 -34.534355
-4.473458 -25.816042
6.828703 49.631858
12.168831 34.973369
17.965075 -34.101088
3.10799 2.515923
-1.687586 18.331266
5.218426 -33.38699
-9.232036 -41.620394
16.07099 -34.9922
-36.260434 -48.850347
40.43596 16.216162
28.21935 -8.329744
-33.529439 -9.151603
14.664477 -49.431063
-44.644231 -3.562344
-23.032053 -24.622964
24.724416 -35.222158
-26.949446 -20.464837
-44.922177 13.841358
-24.041347 -26.788216
-43.507732 7.047153
35.977735 18.379917
5.771436 -45.491694
10.9941 -7.484845
32.969908 -11.856565
12.374704 23.644399
-11.853694 -42.406252
-6.366396 23.763872
-7.044072 -24.555549
46.325331 20.928692
-29.173634 10.540339
-19.046496 -27.596155
-43.116901 -37.485766
-11.310356 20.739212
-8.956716 43.111893
-25.771279 27.462043
-35.455019 -31.0238
-34.473479 47.958614
14.400918 43.989277
-47.059282 24.678568
34.979464 -8.472252
-39.004783 30.920008
37.406447 46.380421
-42.846051 32.000496
21.343323 -49.678318
34.607362 13.072552
-42.761558 -9.576719
-40.886158 -20.11782
-10.423889 16.643369
-33.176747 33.19144
-3.167607 39.547449
-42.449952 11.052434
43.784757 -7.476769
43.881584 -5.304287
6.547315 -26.930161
27.669504 2.340128
25.340302 8.150823
48.481246 -19.096067
45.980506 -15.634091
29.972885 -22.411954
-43.79791 -20.986116
13.740725 -37.279397
35.538499 -45.319797
-10.887032 1.518604
34.994615 -25.453389
18.712407 -35.620705
34.779811 -1.276023
-19.245261 -44.060136
-36.975017 -10.513297
44.699651 6.213306
9.125109 7.119219
37.041388 -22.04569
41.105132 -22.185676
-24.014133 -41.046984
26.554269 -21.30913
33.753172 -24.380552
33.600829 -47.68892
24.23706 36.102646
-38.990252 13.524142
-48.94252 10.148851
1.474556 29.369735
13.906628 22.607893
-1.377784 40.611409
25.278958 -1.339926
37.169842 15.944599
-45.259359 5.090968
9.802918 -36.263111
-8.158955 -12.317681
-35.36659 14.408564
-33.54588 36.49153
9.191196 -8.138432
21.960051 -8.110563
37.583907 27.589855
-29.173725 -36.57733
30.967503 36.263229
43.813922 -48.539242
16.581039 -3.086237
26.668923 17.62238
45.901255 1.641149
-2.65108 2.855849
16.532593 22.911755
14.302033 -34.149185
6.460578 -3.632411
47.856248 5.316915
-8.316527 -14.814082
2.283662 -26.911492
-12.722837 42.397333
-41.30222 14.212003
11.39393 -32.109061
-2.284276 10.904106
32.535125 -19.882287
-49.078173 6.127752
-44.195276 -32.111872
-34.838506 45.144542
32.995899 7.95129
3.124346 -38.098574
7.022446 -7.182149
44.164294 23.554173
-25.449785 33.021081
-20.766179 27.421436
-31.749856 31.793848
24.735765 18.96498
-11.057575 -29.712824
-29.080164 2.73172
13.420494 -27.466534
16.162866 -0.383551
20.060367 -46.862313
-37.503455 40.851363
-44.87816 -19.234261
36.201911 -24.182279
1.490655 27.033871
-37.175309 27.041485
3.018517 -29.019946
46.711787 -22.759974
-31.388489 48.924698
-37.476316 -20.587612
-42.401418 -29.386436
5.811528 37.254983
17.416831 -23.054249
35.346073 15.844241
-35.337071 -17.28989
-14.573024 -42.673356
35.188131 -21.479541
-31.179047 -20.195421
-14.644171 -33.054579
10.141196 10.71042
-24.328455 29.363294
2.397465 7.231069
44.204349 36.143758
26.4925 -48.614165
9.820134 34.120126
14.603402 33.868646
13.894952 46.614924
34.113804 -44.42329
-40.494309 -27.320492
14.744855 -25.100567
-48.718333 -1.187154
-8.141467 2.256739
22.490474 -45.08395
-6.223948 -31.223397
4.689049 30.383182
-34.66864 -13.608994
-11.518616 -39.777712
2.621427 -31.283154
-6.564479 0.516178
14.352839 25.056287
27.84469 -10.864075
9.306801 -6.442356
-34.812508 30.30386
44.394638 21.399776
14.651552 8.055356
-48.489613 -37.236092
-36.612411 -8.24269
-39.44893 37.11507
31.078521 29.543323
-29.044437 4.513987
17.752566 21.794603
-23.5743 27.385862
46.190937 -6.209475
26.54244 2.76719
45.266389 -33.228947
-28.058873 -46.715571
21.979195 -47.677386
27.683108 -22.259672
12.193351 48.006556
49.866217 48.373049
-28.783022 -17.431479
28.206162 18.699491
10.876406 -25.313943
-10.236449 0.600401
49.887314 -33.953676
2.79668 -47.288194
15.993244 -26.473047
31.273887 -20.489694
5.996438 31.296443
-19.625232 -1.319314
40.793222 -1.355021
19.416971 20.885099
-49.56297 -30.612074
35.064685 44.844238
20.229634 7.825262
10.09624 37.875463
38.588027 43.138278
-2.225124 29.58695
11.76453 4.377175
17.290504 24.139637
-5.243101 21.509227
24.620021 15.769455
-46.230337 15.964971
18.914704 38.543924
-40.844684 30.70594
41.278257 18.783547
-44.341153 -30.152023
-12.610956 19.599369
34.115962 -20.012209
-47.846481 -17.540431
42.811488 -0.059107
-19.989836 -5.78926
4.243567 -49.66946
-12.721682 -37.979566
14.244107 31.276091
-22.711133 30.877961
-42.098896 19.684847
-23.754255 -19.53498
26.278657 4.420423
-21.768871 29.637523
21.645833 23.278314
0.990508 -24.697338
-44.697841 11.556538
-26.296564 29.125892
-47.091278 -34.505769
9.641 -4.630226
-15.429235 24.410665
-19.740854 47.38616
28.742875 13.429565
35.092142 36.059305
-19.547759 -28.922756
30.797295 27.671948
-1.088606 8.469394
-24.8125 -3.793249
-33.74941 12.726304
-27.219409 -14.891138
-30.805093 -3.664743
44.055242 19.433728
38.601378 -5.183946
-48.358486 0.663464
33.004797 -23.455284
-37.338802 12.88801
29.075494 -20.714685
-27.548305 27.478374
-44.856838 -22.713231
-5.21631 2.994464
-23.871514 32.147249
-34.821014 -28.513635
49.129156 -48.510274
-19.739696 -48.956517
37.764754 -7.551744
-45.148702 23.846957
21.933699 4.317368
-11.291913 -27.420266
46.58613 6.629476
7.849374 34.351254
-42.461156 9.284769
-30.996515 0.727274
-34.635722 -34.560482
-41.187636 -21.316629
46.102788 -17.449724
21.378396 30.094447
-39.327772 40.778314
-38.818177 -21.904086
-32.181472 14.144589
-29.587795 -27.248237
-13.611079 -49.600881
-18.847551 -0.111215
-0.463271 -32.804715
2.927916 30.419085
-27.096664 32.402973
-13.45819 20.39584
17.499205 -37.041302
33.374816 12.022152
-3.20894 20.227813
11.083497 -4.035024
-10.14863 -29.238323
-32.757045 -11.187379
26.736505 6.81325
-30.861391 -18.633961
34.518506 47.952502
-42.021301 -3.713688
-1.201908 22.778102
28.72525 24.964796
-21.736906 -23.499595
11.68275 2.667468
-26.931362 -41.895676
49.296909 40.613042
5.124539 -41.77911
23.34468 -43.839052
-22.257305 1.6552
-7.581669 21.914332
37.08302 -38.244753
25.322766 38.002822
-28.168115 -42.522657
-48.639053 -35.960479
5.496026 0.192026
40.654863 49.449799
6.769324 4.10257
6.411361 -38.353778
-25.851008 31.80152
-4.677462 -31.022296
-12.511881 18.285129
-28.391102 -15.446158
-20.887553 -22.566864
23.083603 18.941903
46.824784 -8.987279
6.844532 -28.501767
32.220977 38.638067
18.059064 -48.866588
9.846932 -27.272761
43.053249 -2.74729
-43.529561 25.486016
-27.335607 -1.004286
-0.618172 -26.691709
2.181767 -12.343645
-18.047011 -5.476265
34.773162 -11.926597
17.150301 -19.903696
3.771702 -1.478372
-1.344418 -0.967106
-21.034353 -48.187817
-3.919411 25.018159
-30.760894 3.228585
-33.250502 45.396627
27.393775 -33.522382
41.884933 -45.875517
-34.99718 35.836783
-38.091903 -29.006205
-6.789463 20.12978
30.132482 20.614995
-19.341886 -32.996848
39.88637 -45.636311
-21.715158 -27.280363
-28.737294 -37.883695
4.930227 -48.988815
5.0758 -27.902372
8.524343 4.908983
17.276949 -18.751389
-39.497884 -1.142158
-33.162705 -16.574758
-4.177683 8.019491
-23.089772 26.034403
-30.978102 7.194063
-40.588377 -25.148885
-37.460118 -27.644694
39.850531 29.599778
20.048331 48.994826
36.815434 13.247941
-29.806489 -7.518161
35.83892 11.850917
16.238067 42.842761
-29.553098 37.454738
35.376755 41.923934
-23.931443 -31.92122
-28.467014 -48.539659
18.548041 7.08599
-13.636201 -37.349564
-29.883933 -21.638822
37.93655 -10.216065
5.486007 32.434271
49.725975 -32.785568
-35.803707 31.965945
-28.140377 38.345318
-30.028558 -2.970645
11.292631 28.345035
-24.711746 31.076993
29.458427 -25.376566
-36.42428 9.539303
2.675646 34.834814
5.680001 -35.556266
7.709874 14.161102
-29.019695 13.375145
-44.886157 -34.104417
-28.50097 31.854096
48.539395 43.696196
-14.343988 -35.491254
3.629342 -35.803582
-26.116376 -1.756369
18.373508 47.014154
-6.425639 -36.591044
49.272919 -41.661871
17.773189 -9.708455
-27.438986 3.451227
20.267281 -5.471678
37.295609 42.047923
-13.897988 23.0388
30.471692 -8.080376
-46.910193 -40.747711
-7.693007 19.4189
16.876822 38.338112
24.073683 -46.273757
-9.218663 22.935058
-42.131527 24.141419
-41.790634 21.427432
3.64229 -12.95084
-44.39622 26.209552
11.536094 37.682543
10.26312 27.540564
31.392045 -23.524431
5.585052 -39.604876
42.459 -29.792574
26.328846 5.481451
-36.343477 47.721233
-20.984658 -31.31509
14.786764 -19.222178
-49.900105 -32.324508
7.809162 -30.651621
15.32955 1.55488
27.522279 -45.004967
-13.792392 -44.134808
44.076526 16.987364
-20.316181 -19.747898
12.504273 0.847574
15.746675 6.227342
-22.237507 -6.362674
17.791187 45.534465
21.85394 28.520222
-47.611821 -40.122792
-0.292562 24.414205
-4.558672 -20.588677
3.46945 0.237721
20.649837 21.942697
29.515766 10.922737
35.467494 -15.308576
-46.654722 -30.847651
-22.718006 -5.533711
-23.867529 24.782019
29.437299 39.127635
4.151665 -36.457882
22.874274 25.602599
-27.050921 30.054017
-48.535609 -30.010391
10.430899 -3.310322
49.776239 0.899677
11.824909 -1.250267
30.679427 17.949926
-47.189296 20.875783
-34.919376 28.51126
40.394941 -26.017314
-48.277388 21.969636
6.003419 1.729176
-39.318481 -2.182878
13.467389 42.143196
-9.321042 3.917019
22.283432 29.447589
-4.612932 24.113709
-47.95234 17.537121
15.391025 -19.887017
9.708573 41.214996
37.868572 29.690782
-43.784538 23.763291
47.902072 -7.613234
-23.724828 3.342435
14.209041 -11.556579
-1.09969 7.030241
-38.306854 -27.924837
11.324398 -0.982476
-26.631293 -46.862906
-13.871611 24.20474
18.745262 47.627132
17.031328 -27.675483
-5.596926 -36.106587
13.477085 37.134169
-29.054994 30.119936
19.991257 23.106456
17.035306 49.41871
38.748294 17.617549
19.933199 -36.797719
15.078169 -47.256785
-12.657886 -0.280309
0.582932 -36.45329
-38.772851 -28.767419
29.620992 -4.542332
-36.691928 49.155115
29.249206 17.590908
-0.632435 4.741071
-26.808617 -23.599148
-28.03119 36.190149
-31.75741 7.151115
36.575438 -42.852698
29.065405 -30.775738
17.86329 46.675292
3.991129 -12.370117
16.961893 -49.173841
0.386914 5.938981
-13.099098 -33.489125
32.671896 46.402528
-42.271604 -22.714619
46.00178 35.618717
-38.346199 39.258569
27.412959 22.64248
0.56347 48.375726
-21.497962 -6.405024
-44.562491 9.973811
11.840366 43.334375
8.125392 -3.515721
-20.602378 -31.052935
-43.380166 -33.425448
16.032915 1.84873
48.308056 -31.512208
-27.838517 12.184303
-2.789679 -19.270559
-11.941276 25.702476
-28.712479 -49.107236
-36.954661 -19.042955
4.953894 24.56064
7.228499 11.518168
28.852386 20.301806
45.678157 26.014179
-25.805337 -4.543349
33.358089 -7.036665
-36.381136 46.03472
-27.798488 -44.92585
-39.753517 -3.624062
8.190171 36.350233
-26.242026 0.384309
-17.622357 -40.147546
-25.187835 -45.354888
-25.56119 0.132625
49.211628 -37.450164
-12.102036 -34.548202
-26.650772 -22.734807
15.955964 37.109094
14.202276 36.654315
44.939983 -45.056788
5.517257 34.100867
-25.753519 0.35088
-42.602654 48.952998
10.662458 28.826166
23.041091 11.940721
34.340773 28.161497
11.406489 26.070539
-37.518021 39.143327
-36.235033 32.73223
-48.81204 -16.980358
48.54916 -6.036989
8.281714 12.431596
34.525553 42.037992
-22.551239 -30.971364
41.083532 25.324784
27.42814 23.286463
29.197078 -47.498993
16.153667 47.715174
6.42981 32.805655
-3.664386 -8.486148
42.734085 -19.685876
22.509904 6.509881
12.752818 -2.524797
13.65489 -22.972899
-42.230244 -2.651657
-9.059658 21.929856
-36.744169 33.428086
-11.838684 -2.140917
-47.408695 14.206082
7.808304 4.048475
-28.357659 -49.674082
-9.135403 -28.933627
-0.564878 3.721314
-22.340758 -19.927458
41.340701 -24.824172
8.998542 27.855211
-9.675053 23.32123
-45.674102 -49.896075
41.441966 -49.416048
-33.449611 31.396311
13.444598 6.329238
46.260175 -19.39138
30.023379 -18.101473
-40.756204 37.38221
-3.75039 -0.614917
-39.613936 -2.494962
5.646596 -1.700008
29.123213 23.464861
11.470818 45.277743
3.682669 24.711121
13.294673 1.451406
4.957836 33.20306
38.743087 -22.110387
-43.535249 -23.633409
15.774531 1.105404
-10.260989 -35.052207
13.634652 -15.615437
13.790951 -19.32497
3.504172 24.135572
-5.13346 -17.988742
6.588003 32.742597
-5.778545 -20.306562
-31.639139 42.325738
-44.096915 9.255461
-1.905059 0.932673
-12.140618 -32.176086
-7.701651 -35.630079
49.213148 42.338172
-49.897427 7.716852
-6.43316 -37.563785
19.943512 23.428042
47.066205 44.848773
9.010825 40.260347
-47.456473 -25.472117
30.848701 -18.396362
26.595877 15.991837
13.407849 -2.868379
9.397073 25.913775
13.071713 -0.670479
-9.661045 -26.261706
31.684622 -46.335592
-1.71655 -26.34797
29.655308 -2.173897
-17.587179 -41.016275
7.031135 -29.64843
-26.591337 -36.125642
-48.033557 26.644018
9.669108 42.604258
14.111097 -0.70206
12.7075 -14.935653
41.775266 28.202135
27.300352 -32.562132
7.369356 40.045986
24.287585 3.904208
29.831879 -24.821656
5.000834 40.010394
39.03114 -24.854952
29.571487 8.812643
-46.094401 -1.43644
-34.640927 42.295474
42.211286 28.495477
-32.3663 9.956579
39.10741 45.773726
10.674094 24.51955
7.294563 40.989444
38.563873 -21.036717
-18.637844 -33.569023
32.724337 -4.771733
-29.730023 0.057095
-33.593169 49.695335
38.213679 -26.684068
14.582442 -31.07532
-45.02122 9.843818
31.665764 -43.91785
27.153079 21.624517
26.661179 -33.89073
11.411013 25.531503
-1.868155 -25.750433
-5.518181 -22.421198
16.229827 37.265661
1.091763 48.990011
16.575214 29.595616
11.232881 29.387192
35.22513 -4.457483
6.856305 32.169765
-26.612201 -47.323199
24.723295 3.174576
12.175615 46.028315
31.841854 43.246733
-30.814646 13.516481
-11.126931 25.83495
9.158609 4.341425
8.108943 13.068431
-17.223997 -34.620309
-33.508133 -14.824771
33.025261 14.064559
23.693568 -32.835029
-3.781484 6.39297
43.362055 46.513022
-29.555715 39.785795
-28.205563 -44.702853
-26.780881 3.100931
0.42022 39.06068
-26.723724 -48.792822
-1.963539 49.302554
17.224245 -37.962018
-9.997256 -26.759537
41.271017 -24.977672
15.586768 -9.711962
-28.647337 -38.989597
-38.485438 -23.518471
5.749325 -22.81974
-9.850063 -26.268126
48.84563 -22.845031
46.035466 -19.104225
-32.024909 28.239093
-41.725814 35.715657
28.087007 -3.838794
-46.065739 2.534491
32.696566 -40.504579
-0.963704 3.528427
8.542007 2.06172
-29.899037 0.164033
47.723028 41.230584
44.33297 45.318791
-35.030963 -12.12532
-24.001861 1.120374
32.271932 -25.212725
-46.656232 -23.234106
-28.292102 -5.967668
-1.005661 5.634769
-45.651019 -33.715751
-3.121539 -24.16552
4.337355 8.071111
7.268865 -30.203756
-26.662786 0.027452
-41.798638 46.889443
-4.559863 -0.726639

/

!***Tree Dimensions for Individual TreesDotDatText
crown	radius	in	the	x-direction.
&indivradx				
nodates	= 1
values	= 
4.402280
4.401692
4.400544
4.398246
4.397947
4.397855
4.397130
4.396660
4.396616
4.396600
4.396237
4.396223
4.396024
4.395968
4.395578
4.395443
4.395204
4.395076
4.394626
4.394504
4.394349
4.394289
4.393846
4.393734
4.393718
4.393205
4.393161
4.392529
4.392485
4.392291
4.391696
4.391305
4.391259
4.390980
4.390973
4.390764
4.390053
4.388708
4.388407
4.388199
4.385352
4.385220
4.384924
4.384517
4.379472
4.377209
4.373768
4.373486
4.365570
4.364728
4.362397
4.360822
4.348686
4.347363
4.340564
4.340080
4.339711
4.330710
4.319574
4.316926
4.311121
4.300339
4.273471
4.254597
4.253086
4.247829
4.209199
4.178241
4.175359
4.160906
4.150942
4.150104
4.140508
4.129176
4.055881
4.027531
4.019403
4.004776
3.969102
3.966019
3.951182
3.934167
3.918418
3.902297
3.873119
3.803557
3.787052
3.785689
3.671217
3.644421
3.635818
3.600071
3.524158
3.468816
3.436081
3.373719
3.349675
3.347296
3.174511
2.517766
2.514545
2.514545
2.514543
2.513524
2.472296
2.469869
2.468584
2.468584
2.468584
2.460689
2.423731
2.422519
2.422519
2.422155
2.420181
2.419458
2.398536
2.398425
2.398261
2.398050
2.396183
2.393702
2.376350
2.376350
2.376350
2.376338
2.375586
2.373546
2.351460
2.346186
2.337066
2.332717
2.331233
2.330258
2.330075
2.329857
2.324647
2.323980
2.322323
2.315500
2.310489
2.304469
2.299744
2.285804
2.285533
2.283693
2.283693
2.283693
2.277053
2.274169
2.262046
2.251809
2.238235
2.237205
2.237205
2.232972
2.230988
2.225806
2.217482
2.217133
2.209106
2.205000
2.190610
2.190610
2.189924
2.180892
2.180713
2.179866
2.164336
2.161289
2.156321
2.153762
2.149343
2.143907
2.143907
2.143907
2.143667
2.143408
2.140840
2.139645
2.138382
2.136027
2.133021
2.130470
2.109958
2.105608
2.097096
2.092101
2.091391
2.079667
2.079004
2.066968
2.060476
2.058842
2.057930
2.055039
2.054440
2.044341
2.043032
2.039791
2.035848
2.014169
2.008846
2.000393
1.997200
1.988360
1.979725
1.979441
1.922931
1.971164
1.970674
1.970263
1.960879
1.955230
1.948680
1.877335
1.876382
1.872657
1.862619
1.853503
1.846142
1.842975
1.841589
1.919726
1.837784
1.919432
1.837493
1.836453
1.835465
1.825640
1.821414
1.904549
1.904549
1.904549
1.810420
1.810420
1.810420
1.810420
1.810420
1.809733
1.806790
1.806422
1.802474
1.787569
1.773465
1.767872
1.761597
1.758450
1.756300
1.751332
1.751253
1.751253
1.751253
1.750022
1.735611
1.734126
1.725896
1.721072
1.720317
1.702724
1.701723
1.700267
1.698496
1.696962
1.695697
1.692490
1.680130
1.676990
1.655189
1.652664
1.650001
1.643458
1.635350
1.634140
1.631359
1.629073
1.626261
1.619912
1.616825
1.612362
1.605091
1.602317
1.599732
1.598270
1.598062
1.597526
1.593373
1.587987
1.586433
1.576215
1.576215
1.575245
1.573362
1.571046
1.565381
1.558681
1.558570
1.557347
1.556357
1.552109
1.547728
1.538424
1.536414
1.519299
1.518723
1.518723
1.517446
1.513264
1.503635
1.483719
1.479344
1.471251
1.470910
1.467913
1.465048
1.465010
1.461675
1.461675
1.461675
1.460184
1.455221
1.454399
1.445421
1.444711
1.433713
1.431607
1.430382
1.418279
1.405082
1.405082
1.405082
1.405082
1.397487
1.396971
1.395721
1.394087
1.377140
1.375900
1.375068
1.368422
1.367196
1.365692
1.364361
1.359629
1.356823
1.354490
1.353963
1.351171
1.348957
1.348957
1.348957
1.348034
1.346759
1.345436
1.342510
1.340667
1.337916
1.325406
1.323359
1.321649
1.320994
1.309115
1.308824
1.306530
1.305473
1.304291
1.294603
1.293311
1.293311
1.289150
1.287159
1.283751
1.280927
1.274531
1.270844
1.268629
1.258766
1.257167
1.249939
1.238160
1.237614
1.234588
1.232016
1.231589
1.224984
1.223324
1.211775
1.210364
1.201729
1.195277
1.191165
1.185343
1.183516
1.183051
1.183023
1.178799
1.178414
1.176676
1.174805
1.172505
1.170209
1.166064
1.164090
1.163970
1.158812
1.152446
1.147389
1.142776
1.142293
1.137499
1.134024
1.129395
1.129395
1.126931
1.123182
1.122291
1.122117
1.120862
1.119481
1.118996
1.112588
1.111057
1.109699
1.109225
1.106598
1.103566
1.103389
1.103285
1.097281
1.091645
1.089649
1.086348
1.080467
1.077292
1.070216
1.068816
1.068577
1.065353
1.063640
1.061724
1.061072
1.058765
1.055181
1.052615
1.049728
1.033580
1.027717
1.024508
1.022789
1.022789
1.022789
1.020860
1.019537
1.017870
1.016056
1.015562
1.010628
1.005338
0.997523
0.989970
0.989591
0.988713
0.986481
0.970990
0.970341
0.969666
0.964616
0.964066
0.962985
0.962605
0.961147
0.954443
0.953170
0.952801
0.940150
0.938207
0.923141
0.921610
0.919550
0.919365
0.918489
0.916907
0.915505
0.912339
0.912266
0.911509
0.908073
0.899679
0.899505
0.897031
0.893283
0.892863
0.892855
0.882843
0.882417
0.877643
0.867256
0.867256
0.865956
0.865740
0.865389
0.863322
0.852393
0.850538
0.850450
0.837267
0.830509
0.829489
0.828238
0.823273
0.820160
0.816665
0.816665
0.816665
0.816665
0.816654
0.813199
0.811961
0.808669
0.807059
0.804484
0.802585
0.801836
0.795587
0.792620
0.785971
0.783384
0.779735
0.766743
0.766743
0.766743
0.766248
0.766102
0.760153
0.754046
0.753200
0.750572
0.747749
0.745314
0.742428
0.728554
0.726390
0.722517
0.717519
0.717519
0.717519
0.717519
0.717519
0.712072
0.709728
0.708734
0.703952
0.703689
0.700718
0.700109
0.691466
0.691456
0.689711
0.686780
0.682209
0.681816
0.677776
0.669024
0.669024
0.665628
0.664946
0.664165
0.656836
0.654180
0.641057
0.637203
0.625943
0.622551
0.621293
0.621293
0.621293
0.621293
0.621293
0.621293
0.621293
0.621293
0.621293
0.620384
0.615693
0.614817
0.614804
0.611931
0.611190
0.609475
0.589563
0.581733
0.574366
0.574366
0.574366
0.574366
0.573402
0.569692
0.567315
0.547039
0.541766
0.540511
0.537947
0.532366
0.529193
0.528285
0.528285
0.528285
0.528083
0.511123
0.501421
0.497408
0.493002
0.487254
0.483100
0.483100
0.483100
0.483100
0.483100
0.481936
0.470917
0.470801
0.467586
0.438867
0.438867
0.438867
0.438867
0.438867
0.438867
0.436137
0.434415
0.432504
0.409517
0.404639
0.399580
0.396046
0.395649
0.395649
0.395649
0.395649
0.395649
0.395649
0.395649
0.395465
0.392656
0.386951
0.373369
0.371237
0.353522
0.353522
0.353522
0.353522
0.353522
0.353522
0.353522
0.353522
0.353522
0.350612
0.350312
0.347108
0.345200
0.343210
0.312704
0.312571
0.312571
0.312571
0.312571
0.312571
0.301629
0.300794
0.298556
0.285230
0.278493
0.276634
0.272900
0.272900
0.272900
0.272900
0.272900
0.271239
0.264638
0.263425
0.252592
0.250932
0.242597
0.234632
0.234632
0.234632
0.234632
0.234632
0.234632
0.234632
0.234632
0.234632
0.234632
0.234632
0.234632
0.232967
0.232629
0.227571
0.226719
0.224456
0.221260
0.209736
0.202660
0.201187
0.197920
0.197920
0.197920
0.197920
0.197920
0.197920
0.197920
0.197920
0.197920
0.197920
0.197920
0.197920
0.197920
0.197292
0.164046
0.163663
0.163363
0.162955
0.162955
0.162955
0.162955
0.162955
0.162955
0.162955
0.162955
0.162955
0.162955
0.162955
0.162955
0.162955
0.136799
0.133878
0.129981
0.129981
0.129981
0.129981
0.129981
0.129981
0.129981
0.129981
0.129981
0.129981
0.129981
0.129981
0.129981
0.129981
0.129981
0.129981
0.129981
0.129981
0.129981
0.129981
0.129981
0.129981
0.129981
0.129981
0.129704
0.127577
0.121204
0.099320
0.099320
0.099320
0.099320
0.099320
0.099320
0.099320
0.099320
0.099320
0.099320
0.099320
0.099320
0.099320
0.099320
0.099220
0.071411
0.071411
0.071411
0.071411
0.071411
0.071411
0.071411
0.071411
0.071411
0.071411
0.071411
0.071411
0.071411
0.049542
0.048656
0.048250
0.046870
0.046870
0.046870
0.046870
0.046870
0.046870
0.046870
0.046870
0.046870
0.046870
0.046870
0.046870
0.046870
0.046870
0.046870
0.046870
0.046870
0.046870
0.046870
0.046870
0.028441
0.026871
0.026571
0.026571
0.026571
0.026571
0.026571
0.026571
0.026571
0.026571
0.026571
0.026571
0.026571
0.026571
0.026571
0.026571
0.026571
0.026571
0.026571
0.012964
0.011673
0.011673
0.011673
0.011673
0.011673
0.011673
0.011673
0.011673
0.011673
0.011673
0.011673
0.011673
0.011673
0.011673
0.011673
0.003191
0.003191
0.003191
0.003191
0.003191
0.003191
0.003191
0.003191
0.003191
0.003191
0.003191
0.003191
0.003191
0.003191
0.003191
0.003191
0.003191
0.003191
0.003191
0.003191
0.003191
0.003191
0.000454
0.000346
0.000346
0.000346
0.000346
0.000346
0.000346
0.000346
0.000346
0.000346
0.000346
0.000346
0.000346
0.000346
0.000346
0.000346
0.000346
0.000346
0.000346
0.000346
0.000346
0.000346
0.000346
0.000346
0.000346
0.000346
0.000346
0.000346
0.000346
0.000346
0.000346
0.000346

/

crown	radius	in	the	y-direction.
&indivrady				
nodates	=	1		
values	=
4.402280
4.401692
4.400544
4.398246
4.397947
4.397855
4.397130
4.396660
4.396616
4.396600
4.396237
4.396223
4.396024
4.395968
4.395578
4.395443
4.395204
4.395076
4.394626
4.394504
4.394349
4.394289
4.393846
4.393734
4.393718
4.393205
4.393161
4.392529
4.392485
4.392291
4.391696
4.391305
4.391259
4.390980
4.390973
4.390764
4.390053
4.388708
4.388407
4.388199
4.385352
4.385220
4.384924
4.384517
4.379472
4.377209
4.373768
4.373486
4.365570
4.364728
4.362397
4.360822
4.348686
4.347363
4.340564
4.340080
4.339711
4.330710
4.319574
4.316926
4.311121
4.300339
4.273471
4.254597
4.253086
4.247829
4.209199
4.178241
4.175359
4.160906
4.150942
4.150104
4.140508
4.129176
4.055881
4.027531
4.019403
4.004776
3.969102
3.966019
3.951182
3.934167
3.918418
3.902297
3.873119
3.803557
3.787052
3.785689
3.671217
3.644421
3.635818
3.600071
3.524158
3.468816
3.436081
3.373719
3.349675
3.347296
3.174511
2.517766
2.514545
2.514545
2.514543
2.513524
2.472296
2.469869
2.468584
2.468584
2.468584
2.460689
2.423731
2.422519
2.422519
2.422155
2.420181
2.419458
2.398536
2.398425
2.398261
2.398050
2.396183
2.393702
2.376350
2.376350
2.376350
2.376338
2.375586
2.373546
2.351460
2.346186
2.337066
2.332717
2.331233
2.330258
2.330075
2.329857
2.324647
2.323980
2.322323
2.315500
2.310489
2.304469
2.299744
2.285804
2.285533
2.283693
2.283693
2.283693
2.277053
2.274169
2.262046
2.251809
2.238235
2.237205
2.237205
2.232972
2.230988
2.225806
2.217482
2.217133
2.209106
2.205000
2.190610
2.190610
2.189924
2.180892
2.180713
2.179866
2.164336
2.161289
2.156321
2.153762
2.149343
2.143907
2.143907
2.143907
2.143667
2.143408
2.140840
2.139645
2.138382
2.136027
2.133021
2.130470
2.109958
2.105608
2.097096
2.092101
2.091391
2.079667
2.079004
2.066968
2.060476
2.058842
2.057930
2.055039
2.054440
2.044341
2.043032
2.039791
2.035848
2.014169
2.008846
2.000393
1.997200
1.988360
1.979725
1.979441
1.922931
1.971164
1.970674
1.970263
1.960879
1.955230
1.948680
1.877335
1.876382
1.872657
1.862619
1.853503
1.846142
1.842975
1.841589
1.919726
1.837784
1.919432
1.837493
1.836453
1.835465
1.825640
1.821414
1.904549
1.904549
1.904549
1.810420
1.810420
1.810420
1.810420
1.810420
1.809733
1.806790
1.806422
1.802474
1.787569
1.773465
1.767872
1.761597
1.758450
1.756300
1.751332
1.751253
1.751253
1.751253
1.750022
1.735611
1.734126
1.725896
1.721072
1.720317
1.702724
1.701723
1.700267
1.698496
1.696962
1.695697
1.692490
1.680130
1.676990
1.655189
1.652664
1.650001
1.643458
1.635350
1.634140
1.631359
1.629073
1.626261
1.619912
1.616825
1.612362
1.605091
1.602317
1.599732
1.598270
1.598062
1.597526
1.593373
1.587987
1.586433
1.576215
1.576215
1.575245
1.573362
1.571046
1.565381
1.558681
1.558570
1.557347
1.556357
1.552109
1.547728
1.538424
1.536414
1.519299
1.518723
1.518723
1.517446
1.513264
1.503635
1.483719
1.479344
1.471251
1.470910
1.467913
1.465048
1.465010
1.461675
1.461675
1.461675
1.460184
1.455221
1.454399
1.445421
1.444711
1.433713
1.431607
1.430382
1.418279
1.405082
1.405082
1.405082
1.405082
1.397487
1.396971
1.395721
1.394087
1.377140
1.375900
1.375068
1.368422
1.367196
1.365692
1.364361
1.359629
1.356823
1.354490
1.353963
1.351171
1.348957
1.348957
1.348957
1.348034
1.346759
1.345436
1.342510
1.340667
1.337916
1.325406
1.323359
1.321649
1.320994
1.309115
1.308824
1.306530
1.305473
1.304291
1.294603
1.293311
1.293311
1.289150
1.287159
1.283751
1.280927
1.274531
1.270844
1.268629
1.258766
1.257167
1.249939
1.238160
1.237614
1.234588
1.232016
1.231589
1.224984
1.223324
1.211775
1.210364
1.201729
1.195277
1.191165
1.185343
1.183516
1.183051
1.183023
1.178799
1.178414
1.176676
1.174805
1.172505
1.170209
1.166064
1.164090
1.163970
1.158812
1.152446
1.147389
1.142776
1.142293
1.137499
1.134024
1.129395
1.129395
1.126931
1.123182
1.122291
1.122117
1.120862
1.119481
1.118996
1.112588
1.111057
1.109699
1.109225
1.106598
1.103566
1.103389
1.103285
1.097281
1.091645
1.089649
1.086348
1.080467
1.077292
1.070216
1.068816
1.068577
1.065353
1.063640
1.061724
1.061072
1.058765
1.055181
1.052615
1.049728
1.033580
1.027717
1.024508
1.022789
1.022789
1.022789
1.020860
1.019537
1.017870
1.016056
1.015562
1.010628
1.005338
0.997523
0.989970
0.989591
0.988713
0.986481
0.970990
0.970341
0.969666
0.964616
0.964066
0.962985
0.962605
0.961147
0.954443
0.953170
0.952801
0.940150
0.938207
0.923141
0.921610
0.919550
0.919365
0.918489
0.916907
0.915505
0.912339
0.912266
0.911509
0.908073
0.899679
0.899505
0.897031
0.893283
0.892863
0.892855
0.882843
0.882417
0.877643
0.867256
0.867256
0.865956
0.865740
0.865389
0.863322
0.852393
0.850538
0.850450
0.837267
0.830509
0.829489
0.828238
0.823273
0.820160
0.816665
0.816665
0.816665
0.816665
0.816654
0.813199
0.811961
0.808669
0.807059
0.804484
0.802585
0.801836
0.795587
0.792620
0.785971
0.783384
0.779735
0.766743
0.766743
0.766743
0.766248
0.766102
0.760153
0.754046
0.753200
0.750572
0.747749
0.745314
0.742428
0.728554
0.726390
0.722517
0.717519
0.717519
0.717519
0.717519
0.717519
0.712072
0.709728
0.708734
0.703952
0.703689
0.700718
0.700109
0.691466
0.691456
0.689711
0.686780
0.682209
0.681816
0.677776
0.669024
0.669024
0.665628
0.664946
0.664165
0.656836
0.654180
0.641057
0.637203
0.625943
0.622551
0.621293
0.621293
0.621293
0.621293
0.621293
0.621293
0.621293
0.621293
0.621293
0.620384
0.615693
0.614817
0.614804
0.611931
0.611190
0.609475
0.589563
0.581733
0.574366
0.574366
0.574366
0.574366
0.573402
0.569692
0.567315
0.547039
0.541766
0.540511
0.537947
0.532366
0.529193
0.528285
0.528285
0.528285
0.528083
0.511123
0.501421
0.497408
0.493002
0.487254
0.483100
0.483100
0.483100
0.483100
0.483100
0.481936
0.470917
0.470801
0.467586
0.438867
0.438867
0.438867
0.438867
0.438867
0.438867
0.436137
0.434415
0.432504
0.409517
0.404639
0.399580
0.396046
0.395649
0.395649
0.395649
0.395649
0.395649
0.395649
0.395649
0.395465
0.392656
0.386951
0.373369
0.371237
0.353522
0.353522
0.353522
0.353522
0.353522
0.353522
0.353522
0.353522
0.353522
0.350612
0.350312
0.347108
0.345200
0.343210
0.312704
0.312571
0.312571
0.312571
0.312571
0.312571
0.301629
0.300794
0.298556
0.285230
0.278493
0.276634
0.272900
0.272900
0.272900
0.272900
0.272900
0.271239
0.264638
0.263425
0.252592
0.250932
0.242597
0.234632
0.234632
0.234632
0.234632
0.234632
0.234632
0.234632
0.234632
0.234632
0.234632
0.234632
0.234632
0.232967
0.232629
0.227571
0.226719
0.224456
0.221260
0.209736
0.202660
0.201187
0.197920
0.197920
0.197920
0.197920
0.197920
0.197920
0.197920
0.197920
0.197920
0.197920
0.197920
0.197920
0.197920
0.197292
0.164046
0.163663
0.163363
0.162955
0.162955
0.162955
0.162955
0.162955
0.162955
0.162955
0.162955
0.162955
0.162955
0.162955
0.162955
0.162955
0.136799
0.133878
0.129981
0.129981
0.129981
0.129981
0.129981
0.129981
0.129981
0.129981
0.129981
0.129981
0.129981
0.129981
0.129981
0.129981
0.129981
0.129981
0.129981
0.129981
0.129981
0.129981
0.129981
0.129981
0.129981
0.129981
0.129704
0.127577
0.121204
0.099320
0.099320
0.099320
0.099320
0.099320
0.099320
0.099320
0.099320
0.099320
0.099320
0.099320
0.099320
0.099320
0.099320
0.099220
0.071411
0.071411
0.071411
0.071411
0.071411
0.071411
0.071411
0.071411
0.071411
0.071411
0.071411
0.071411
0.071411
0.049542
0.048656
0.048250
0.046870
0.046870
0.046870
0.046870
0.046870
0.046870
0.046870
0.046870
0.046870
0.046870
0.046870
0.046870
0.046870
0.046870
0.046870
0.046870
0.046870
0.046870
0.046870
0.046870
0.028441
0.026871
0.026571
0.026571
0.026571
0.026571
0.026571
0.026571
0.026571
0.026571
0.026571
0.026571
0.026571
0.026571
0.026571
0.026571
0.026571
0.026571
0.026571
0.012964
0.011673
0.011673
0.011673
0.011673
0.011673
0.011673
0.011673
0.011673
0.011673
0.011673
0.011673
0.011673
0.011673
0.011673
0.011673
0.003191
0.003191
0.003191
0.003191
0.003191
0.003191
0.003191
0.003191
0.003191
0.003191
0.003191
0.003191
0.003191
0.003191
0.003191
0.003191
0.003191
0.003191
0.003191
0.003191
0.003191
0.003191
0.000454
0.000346
0.000346
0.000346
0.000346
0.000346
0.000346
0.000346
0.000346
0.000346
0.000346
0.000346
0.000346
0.000346
0.000346
0.000346
0.000346
0.000346
0.000346
0.000346
0.000346
0.000346
0.000346
0.000346
0.000346
0.000346
0.000346
0.000346
0.000346
0.000346
0.000346
0.000346

/

crown	height	for	each	tree.
&indivhtcrown				
nodates	=	1		
values	= 
29.063134
29.060646
29.055787
29.046058
29.044792
29.044402
29.041330
29.039341
29.039155
29.039088
29.037546
29.037490
29.036646
29.036409
29.034757
29.034183
29.033170
29.032627
29.030720
29.030202
29.029548
29.029293
29.027416
29.026940
29.026870
29.024696
29.024511
29.021830
29.021643
29.020822
29.018296
29.016638
29.016442
29.015262
29.015228
29.014343
29.011326
29.005619
29.004339
29.003458
28.991370
28.990810
28.989549
28.987822
28.966378
28.956749
28.942098
28.940898
28.907151
28.903558
28.893607
28.886881
28.834970
28.829302
28.800146
28.798067
28.796486
28.757810
28.709851
28.698427
28.673362
28.626718
28.509969
28.427516
28.420901
28.397863
28.227686
28.090178
28.077322
28.012735
27.968072
27.964314
27.921190
27.870140
27.536522
27.405860
27.368231
27.300322
27.133644
27.119169
27.049355
26.968966
26.894247
26.817450
26.677645
26.340054
26.259046
26.252340
25.680389
25.543927
25.499905
25.315851
24.918864
24.624019
24.447402
24.106222
23.972986
23.959756
22.972508
18.654992
18.631146
18.631146
18.631127
18.623575
18.315510
18.297211
18.287521
18.287521
18.287521
18.227849
17.945955
17.936639
17.936634
17.933833
17.918647
17.913086
17.751303
17.750439
17.749169
17.747530
17.733021
17.713721
17.578199
17.578199
17.578199
17.578110
17.572207
17.556208
17.382064
17.340238
17.267691
17.232992
17.221141
17.213346
17.211883
17.210145
17.168440
17.163098
17.149810
17.095005
17.054643
17.006052
16.967812
16.854562
16.852350
16.837354
16.837354
16.837354
16.783106
16.759503
16.659939
16.575449
16.462818
16.454250
16.454250
16.418965
16.402412
16.359095
16.289295
16.286369
16.218802
16.184154
16.062188
16.062188
16.056354
15.979370
15.977838
15.970604
15.837418
15.811178
15.768305
15.746189
15.707933
15.660761
15.660761
15.660761
15.658676
15.656425
15.634090
15.623688
15.612696
15.592168
15.565932
15.543645
15.363434
15.324983
15.249533
15.205113
15.198784
15.094070
15.088129
14.979974
14.921381
14.906601
14.898350
14.872166
14.866729
14.774936
14.763010
14.733433
14.697390
14.497973
14.448678
14.370130
14.340369
14.257738
14.176666
14.173996
14.113327
14.095941
14.091308
14.087426
13.998494
13.944750
13.882246
13.840119
13.834395
13.812024
13.751683
13.696832
13.652510
13.633425
13.625075
13.603397
13.602137
13.600547
13.600385
13.594117
13.588158
13.528879
13.503363
13.455544
13.455544
13.455544
13.436934
13.436934
13.436934
13.436934
13.436934
13.432780
13.414984
13.412754
13.388874
13.298617
13.213080
13.179126
13.141014
13.121887
13.108815
13.078602
13.078119
13.078119
13.078119
13.070632
12.982890
12.973843
12.923665
12.894230
12.889625
12.782144
12.776023
12.767118
12.756287
12.746902
12.739158
12.719527
12.643814
12.624564
12.490713
12.475187
12.458810
12.418552
12.368622
12.361169
12.344026
12.329936
12.312598
12.273426
12.254368
12.226809
12.181878
12.164724
12.148734
12.139692
12.138407
12.135085
12.109387
12.076030
12.066403
12.003057
12.003057
11.997039
11.985355
11.970982
11.935814
11.894183
11.893489
11.885890
11.879730
11.853310
11.826051
11.768111
11.755583
11.648802
11.645203
11.645203
11.637229
11.611099
11.550880
11.426102
11.398649
11.347826
11.345682
11.326852
11.308839
11.308601
11.287622
11.287622
11.287622
11.278245
11.247011
11.241836
11.185274
11.180798
11.111414
11.098119
11.090384
11.013886
10.930331
10.930331
10.930331
10.930331
10.882178
10.878908
10.870977
10.860607
10.752942
10.745056
10.739762
10.697460
10.689654
10.680071
10.671594
10.641435
10.623538
10.608662
10.605299
10.587477
10.573344
10.573344
10.573344
10.567454
10.559311
10.550857
10.532163
10.520384
10.502798
10.422734
10.409617
10.398658
10.394463
10.318262
10.316392
10.301662
10.294870
10.287277
10.224990
10.216681
10.216681
10.189896
10.177072
10.155115
10.136918
10.095667
10.071870
10.057570
9.993829
9.983490
9.936710
9.860362
9.856819
9.837184
9.820490
9.817718
9.774803
9.764016
9.688866
9.679673
9.623381
9.581277
9.554415
9.516359
9.504408
9.501366
9.501184
9.473545
9.471022
9.459640
9.447388
9.432318
9.417269
9.390090
9.377139
9.376349
9.342490
9.300666
9.267404
9.237046
9.233866
9.202285
9.179378
9.148846
9.148846
9.132582
9.107832
9.101946
9.100796
9.092503
9.083374
9.080168
9.037790
9.027658
9.018670
9.015530
8.998133
8.978047
8.976874
8.976187
8.936377
8.898969
8.885713
8.863776
8.824671
8.803547
8.756413
8.747080
8.745486
8.723992
8.712562
8.699774
8.695422
8.680020
8.656078
8.638927
8.619624
8.511460
8.472111
8.450555
8.439004
8.439004
8.439004
8.426035
8.417140
8.405926
8.393722
8.390401
8.357179
8.321526
8.268794
8.217762
8.215201
8.209259
8.194166
8.089193
8.084790
8.080206
8.045913
8.042174
8.034830
8.032247
8.022337
7.976727
7.968060
7.965550
7.879286
7.866019
7.762976
7.752485
7.738367
7.737102
7.731095
7.720246
7.710629
7.688904
7.688402
7.683203
7.659604
7.601878
7.600684
7.583651
7.557827
7.554934
7.554878
7.485802
7.482855
7.449862
7.377964
7.377964
7.368954
7.367461
7.365027
7.350691
7.274803
7.261903
7.261295
7.169473
7.122299
7.115173
7.106434
7.071715
7.049927
7.025445
7.025445
7.025445
7.025445
7.025366
7.001146
6.992466
6.969363
6.958057
6.939970
6.926623
6.921359
6.877385
6.856490
6.809601
6.791337
6.765554
6.673593
6.673593
6.673593
6.670083
6.669046
6.626828
6.583435
6.577414
6.558715
6.538618
6.521269
6.500688
6.401564
6.386068
6.358320
6.322472
6.322472
6.322472
6.322472
6.322472
6.283349
6.266495
6.259346
6.224920
6.223026
6.201619
6.197230
6.134836
6.134766
6.122150
6.100953
6.067852
6.065004
6.035716
5.972156
5.972156
5.947451
5.942486
5.936799
5.883382
5.863997
5.768002
5.739740
5.656984
5.631998
5.622730
5.622730
5.622730
5.622730
5.622730
5.622730
5.622730
5.622730
5.622730
5.616029
5.581408
5.574938
5.574843
5.553614
5.548139
5.535451
5.387689
5.329332
5.274294
5.274294
5.274294
5.274294
5.267086
5.239310
5.221496
5.068977
5.029139
5.019651
5.000245
4.957946
4.933866
4.926966
4.926966
4.926966
4.925430
4.796191
4.721910
4.691100
4.657229
4.612949
4.580890
4.580890
4.580890
4.580890
4.580890
4.571896
4.486574
4.485671
4.460705
4.236234
4.236234
4.236234
4.236234
4.236234
4.236234
4.214757
4.201198
4.186142
4.004003
3.965116
3.924682
3.896392
3.893210
3.893210
3.893210
3.893210
3.893210
3.893210
3.893210
3.891734
3.869204
3.823350
3.713679
3.696393
3.552074
3.552074
3.552074
3.552074
3.552074
3.552074
3.552074
3.552074
3.552074
3.528239
3.525785
3.499491
3.483821
3.467451
3.214270
3.213152
3.213152
3.213152
3.213152
3.213152
3.121231
3.114194
3.095306
2.982298
2.924802
2.908886
2.876863
2.876863
2.876863
2.876863
2.876863
2.862593
2.805726
2.795246
2.701258
2.686789
2.613870
2.543753
2.543753
2.543753
2.543753
2.543753
2.543753
2.543753
2.543753
2.543753
2.543753
2.543753
2.543753
2.529037
2.526050
2.481230
2.473656
2.453532
2.425039
2.321656
2.257652
2.244284
2.214556
2.214556
2.214556
2.214556
2.214556
2.214556
2.214556
2.214556
2.214556
2.214556
2.214556
2.214556
2.214556
2.208826
1.900580
1.896973
1.894138
1.890282
1.890282
1.890282
1.890282
1.890282
1.890282
1.890282
1.890282
1.890282
1.890282
1.890282
1.890282
1.890282
1.639234
1.610666
1.572377
1.572377
1.572377
1.572377
1.572377
1.572377
1.572377
1.572377
1.572377
1.572377
1.572377
1.572377
1.572377
1.572377
1.572377
1.572377
1.572377
1.572377
1.572377
1.572377
1.572377
1.572377
1.572377
1.572377
1.569652
1.548654
1.485354
1.262982
1.262982
1.262982
1.262982
1.262982
1.262982
1.262982
1.262982
1.262982
1.262982
1.262982
1.262982
1.262982
1.262982
1.261946
0.965436
0.965436
0.965436
0.965436
0.965436
0.965436
0.965436
0.965436
0.965436
0.965436
0.965436
0.965436
0.965436
0.716832
0.706384
0.701575
0.685200
0.685200
0.685200
0.685200
0.685200
0.685200
0.685200
0.685200
0.685200
0.685200
0.685200
0.685200
0.685200
0.685200
0.685200
0.685200
0.685200
0.685200
0.685200
0.685200
0.456229
0.435630
0.431656
0.431656
0.431656
0.431656
0.431656
0.431656
0.431656
0.431656
0.431656
0.431656
0.431656
0.431656
0.431656
0.431656
0.431656
0.431656
0.431656
0.240710
0.221024
0.221024
0.221024
0.221024
0.221024
0.221024
0.221024
0.221024
0.221024
0.221024
0.221024
0.221024
0.221024
0.221024
0.221024
0.077054
0.077054
0.077054
0.077054
0.077054
0.077054
0.077054
0.077054
0.077054
0.077054
0.077054
0.077054
0.077054
0.077054
0.077054
0.077054
0.077054
0.077054
0.077054
0.077054
0.077054
0.077054
0.028166
0.022399
0.022399
0.022399
0.022399
0.022399
0.022399
0.022399
0.022399
0.022399
0.022399
0.022399
0.022399
0.022399
0.022399
0.022399
0.022399
0.022399
0.022399
0.022399
0.022399
0.022399
0.022399
0.022399
0.022399
0.022399
0.022399
0.022399
0.022399
0.022399
0.022399
0.022399

/

stem	diameter	for	each	tree
&indivdiam				
nodates	=	1		
values	=
0.586231
0.586159
0.586020
0.585742
0.585706
0.585695
0.585607
0.585550
0.585545
0.585543
0.585499
0.585497
0.585473
0.585466
0.585419
0.585403
0.585374
0.585358
0.585304
0.585289
0.585270
0.585263
0.585209
0.585196
0.585194
0.585131
0.585126
0.585050
0.585044
0.585021
0.584949
0.584901
0.584896
0.584862
0.584861
0.584836
0.584750
0.584587
0.584550
0.584525
0.584180
0.584164
0.584128
0.584079
0.583468
0.583193
0.582776
0.582742
0.581783
0.581681
0.581398
0.581207
0.579736
0.579575
0.578751
0.578692
0.578647
0.577556
0.576205
0.575884
0.575179
0.573871
0.570609
0.568316
0.568132
0.567494
0.562798
0.559031
0.558681
0.556922
0.555708
0.555606
0.554438
0.553057
0.544121
0.540661
0.539668
0.537882
0.533522
0.533145
0.531331
0.529249
0.527322
0.525348
0.521774
0.513244
0.511217
0.511050
0.496975
0.493675
0.492615
0.488208
0.478835
0.471991
0.467938
0.460207
0.457223
0.456928
0.435424
0.352660
0.352249
0.352249
0.352249
0.352119
0.346862
0.346552
0.346388
0.346388
0.346388
0.345381
0.340659
0.340504
0.340504
0.340458
0.340205
0.340113
0.337437
0.337422
0.337402
0.337375
0.337136
0.336818
0.334597
0.334597
0.334597
0.334595
0.334499
0.334237
0.331407
0.330731
0.329562
0.329004
0.328814
0.328688
0.328665
0.328637
0.327969
0.327883
0.327670
0.326795
0.326151
0.325378
0.324771
0.322980
0.322946
0.322709
0.322709
0.322709
0.321855
0.321485
0.319926
0.318609
0.316861
0.316729
0.316729
0.316183
0.315928
0.315260
0.314188
0.314143
0.313108
0.312579
0.310723
0.310723
0.310634
0.309469
0.309446
0.309337
0.307331
0.306938
0.306296
0.305965
0.305394
0.304692
0.304692
0.304692
0.304661
0.304627
0.304295
0.304141
0.303978
0.303673
0.303284
0.302954
0.300300
0.299737
0.298635
0.297988
0.297896
0.296376
0.296290
0.294730
0.293888
0.293676
0.293557
0.293182
0.293105
0.291794
0.291624
0.291203
0.290691
0.287874
0.287182
0.286083
0.285667
0.284517
0.283393
0.283356
0.279406
0.282278
0.282214
0.282161
0.280938
0.280202
0.279348
0.274398
0.274293
0.273883
0.272776
0.271769
0.270955
0.270605
0.270451
0.275570
0.270030
0.275532
0.269998
0.269883
0.269773
0.268684
0.268216
0.273588
0.273588
0.273588
0.266995
0.266995
0.266995
0.266995
0.266995
0.266918
0.266591
0.266550
0.266111
0.264451
0.262877
0.262252
0.261550
0.261198
0.260957
0.260401
0.260392
0.260392
0.260392
0.260254
0.258637
0.258470
0.257545
0.257003
0.256918
0.254935
0.254822
0.254658
0.254458
0.254285
0.254142
0.253779
0.252382
0.252026
0.249553
0.249266
0.248963
0.248219
0.247295
0.247157
0.246840
0.246580
0.246259
0.245534
0.245181
0.244671
0.243839
0.243521
0.243225
0.243058
0.243034
0.242972
0.242496
0.241878
0.241700
0.240526
0.240526
0.240414
0.240197
0.239931
0.239279
0.238507
0.238494
0.238353
0.238238
0.237748
0.237242
0.236167
0.235934
0.233951
0.233884
0.233884
0.233736
0.233250
0.232131
0.229810
0.229299
0.228353
0.228313
0.227962
0.227627
0.227622
0.227232
0.227232
0.227232
0.227057
0.226475
0.226379
0.225325
0.225242
0.223948
0.223700
0.223556
0.222129
0.220569
0.220569
0.220569
0.220569
0.219670
0.219609
0.219461
0.219267
0.217256
0.217108
0.217009
0.216218
0.216072
0.215893
0.215735
0.215170
0.214836
0.214557
0.214494
0.214161
0.213896
0.213896
0.213896
0.213786
0.213634
0.213475
0.213125
0.212905
0.212576
0.211076
0.210830
0.210625
0.210546
0.209118
0.209083
0.208807
0.208679
0.208537
0.207368
0.207212
0.207212
0.206710
0.206469
0.206057
0.205715
0.204941
0.204494
0.204225
0.203027
0.202833
0.201954
0.200518
0.200451
0.200081
0.199767
0.199715
0.198907
0.198704
0.197289
0.197116
0.196055
0.195261
0.194755
0.194037
0.193811
0.193754
0.193751
0.193229
0.193181
0.192967
0.192735
0.192451
0.192167
0.191654
0.191409
0.191394
0.190755
0.189965
0.189336
0.188762
0.188702
0.188105
0.187671
0.187094
0.187094
0.186786
0.186318
0.186206
0.186185
0.186028
0.185855
0.185794
0.184992
0.184800
0.184630
0.184570
0.184241
0.183860
0.183838
0.183825
0.183070
0.182361
0.182110
0.181694
0.180952
0.180551
0.179657
0.179480
0.179450
0.179041
0.178824
0.178582
0.178499
0.178206
0.177752
0.177426
0.177059
0.175002
0.174254
0.173843
0.173624
0.173624
0.173624
0.173377
0.173207
0.172994
0.172761
0.172698
0.172065
0.171386
0.170381
0.169408
0.169359
0.169246
0.168958
0.166955
0.166870
0.166783
0.166128
0.166057
0.165916
0.165867
0.165678
0.164806
0.164640
0.164592
0.162942
0.162689
0.160716
0.160515
0.160244
0.160220
0.160105
0.159897
0.159713
0.159297
0.159287
0.159187
0.158735
0.157628
0.157605
0.157278
0.156783
0.156727
0.156726
0.155400
0.155343
0.154709
0.153327
0.153327
0.153154
0.153125
0.153079
0.152803
0.151343
0.151095
0.151083
0.149314
0.148405
0.148268
0.148099
0.147430
0.147010
0.146537
0.146537
0.146537
0.146537
0.146536
0.146068
0.145901
0.145455
0.145236
0.144887
0.144629
0.144527
0.143678
0.143274
0.142367
0.142014
0.141515
0.139734
0.139734
0.139734
0.139666
0.139646
0.138828
0.137987
0.137870
0.137507
0.137118
0.136781
0.136382
0.134456
0.134155
0.133616
0.132919
0.132919
0.132919
0.132919
0.132919
0.132158
0.131830
0.131690
0.131020
0.130983
0.130566
0.130481
0.129265
0.129264
0.129018
0.128604
0.127959
0.127903
0.127332
0.126090
0.126090
0.125608
0.125511
0.125400
0.124355
0.123976
0.122097
0.121544
0.119922
0.119431
0.119250
0.119250
0.119250
0.119250
0.119250
0.119250
0.119250
0.119250
0.119250
0.119118
0.118439
0.118312
0.118310
0.117893
0.117785
0.117536
0.114630
0.113481
0.112396
0.112396
0.112396
0.112396
0.112254
0.111706
0.111355
0.108342
0.107554
0.107366
0.106982
0.106145
0.105668
0.105531
0.105531
0.105531
0.105501
0.102937
0.101461
0.100848
0.100174
0.099293
0.098654
0.098654
0.098654
0.098654
0.098654
0.098475
0.096774
0.096756
0.096257
0.091767
0.091767
0.091767
0.091767
0.091767
0.091767
0.091336
0.091065
0.090763
0.087103
0.086320
0.085505
0.084935
0.084871
0.084871
0.084871
0.084871
0.084871
0.084871
0.084871
0.084841
0.084386
0.083461
0.081243
0.080893
0.077967
0.077967
0.077967
0.077967
0.077967
0.077967
0.077967
0.077967
0.077967
0.077483
0.077433
0.076898
0.076580
0.076247
0.071081
0.071058
0.071058
0.071058
0.071058
0.071058
0.069175
0.069031
0.068644
0.066322
0.065138
0.064810
0.064149
0.064149
0.064149
0.064149
0.064149
0.063855
0.062680
0.062464
0.060518
0.060218
0.058704
0.057246
0.057246
0.057246
0.057246
0.057246
0.057246
0.057246
0.057246
0.057246
0.057246
0.057246
0.057246
0.056939
0.056877
0.055942
0.055784
0.055364
0.054769
0.052605
0.051262
0.050981
0.050356
0.050356
0.050356
0.050356
0.050356
0.050356
0.050356
0.050356
0.050356
0.050356
0.050356
0.050356
0.050356
0.050235
0.043713
0.043636
0.043576
0.043494
0.043494
0.043494
0.043494
0.043494
0.043494
0.043494
0.043494
0.043494
0.043494
0.043494
0.043494
0.043494
0.038121
0.037506
0.036680
0.036680
0.036680
0.036680
0.036680
0.036680
0.036680
0.036680
0.036680
0.036680
0.036680
0.036680
0.036680
0.036680
0.036680
0.036680
0.036680
0.036680
0.036680
0.036680
0.036680
0.036680
0.036680
0.036680
0.036621
0.036168
0.034798
0.029949
0.029949
0.029949
0.029949
0.029949
0.029949
0.029949
0.029949
0.029949
0.029949
0.029949
0.029949
0.029949
0.029949
0.029926
0.023356
0.023356
0.023356
0.023356
0.023356
0.023356
0.023356
0.023356
0.023356
0.023356
0.023356
0.023356
0.023356
0.017731
0.017492
0.017381
0.017006
0.017006
0.017006
0.017006
0.017006
0.017006
0.017006
0.017006
0.017006
0.017006
0.017006
0.017006
0.017006
0.017006
0.017006
0.017006
0.017006
0.017006
0.017006
0.017006
0.011670
0.011182
0.011087
0.011087
0.011087
0.011087
0.011087
0.011087
0.011087
0.011087
0.011087
0.011087
0.011087
0.011087
0.011087
0.011087
0.011087
0.011087
0.011087
0.006456
0.005965
0.005965
0.005965
0.005965
0.005965
0.005965
0.005965
0.005965
0.005965
0.005965
0.005965
0.005965
0.005965
0.005965
0.005965
0.002245
0.002245
0.002245
0.002245
0.002245
0.002245
0.002245
0.002245
0.002245
0.002245
0.002245
0.002245
0.002245
0.002245
0.002245
0.002245
0.002245
0.002245
0.002245
0.002245
0.002245
0.002245
0.000879
0.000709
0.000709
0.000709
0.000709
0.000709
0.000709
0.000709
0.000709
0.000709
0.000709
0.000709
0.000709
0.000709
0.000709
0.000709
0.000709
0.000709
0.000709
0.000709
0.000709
0.000709
0.000709
0.000709
0.000709
0.000709
0.000709
0.000709
0.000709
0.000709
0.000709
0.000709

/

trunk	height	
&indivhttrunk		
nodates	=	1
values	=
7.265784
7.265161
7.263947
7.261515
7.261198
7.261100
7.260333
7.259835
7.259789
7.259772
7.259386
7.259372
7.259161
7.259102
7.258689
7.258546
7.258292
7.258157
7.257680
7.257551
7.257387
7.257323
7.256854
7.256735
7.256717
7.256174
7.256128
7.255458
7.255411
7.255205
7.254574
7.254159
7.254111
7.253815
7.253807
7.253586
7.252831
7.251405
7.251085
7.250865
7.247843
7.247702
7.247387
7.246955
7.241594
7.239187
7.235524
7.235224
7.226788
7.225890
7.223402
7.221720
7.208742
7.207326
7.200036
7.199517
7.199121
7.189453
7.177463
7.174607
7.168340
7.156680
7.127492
7.106879
7.105225
7.099466
7.056921
7.022544
7.019331
7.003184
6.992018
6.991079
6.980298
6.967535
6.884131
6.851465
6.842058
6.825081
6.783411
6.779792
6.762339
6.742241
6.723562
6.704363
6.669411
6.585014
6.564761
6.563085
6.420097
6.385982
6.374976
6.328963
6.229716
6.156005
6.111851
6.026555
5.993247
5.989939
5.743127
4.663748
4.657786
4.657786
4.657782
4.655894
4.578877
4.574303
4.571880
4.571880
4.571880
4.556962
4.486489
4.484160
4.484159
4.483458
4.479662
4.478272
4.437826
4.437610
4.437292
4.436883
4.433255
4.428430
4.394550
4.394550
4.394550
4.394527
4.393052
4.389052
4.345516
4.335059
4.316923
4.308248
4.305285
4.303336
4.302971
4.302536
4.292110
4.290774
4.287452
4.273751
4.263661
4.251513
4.241953
4.213640
4.213088
4.209338
4.209338
4.209338
4.195777
4.189876
4.164985
4.143862
4.115705
4.113562
4.113562
4.104741
4.100603
4.089774
4.072324
4.071592
4.054701
4.046038
4.015547
4.015547
4.014089
3.994843
3.994460
3.992651
3.959355
3.952795
3.942076
3.936547
3.926983
3.915190
3.915190
3.915190
3.914669
3.914106
3.908522
3.905922
3.903174
3.898042
3.891483
3.885911
3.840858
3.831246
3.812383
3.801278
3.799696
3.773517
3.772032
3.744994
3.730345
3.726650
3.724587
3.718041
3.716682
3.693734
3.690752
3.683358
3.674347
3.624493
3.612169
3.592533
3.585092
3.564434
3.544167
3.543499
3.528332
3.523985
3.522827
3.521857
3.499624
3.486187
3.470562
3.460030
3.458599
3.453006
3.437921
3.424208
3.413127
3.408356
3.406269
3.400849
3.400534
3.400137
3.400096
3.398529
3.397040
3.382220
3.375841
3.363886
3.363886
3.363886
3.359234
3.359234
3.359234
3.359234
3.359234
3.358195
3.353746
3.353189
3.347218
3.324654
3.303270
3.294782
3.285254
3.280472
3.277204
3.269650
3.269530
3.269530
3.269530
3.267658
3.245722
3.243461
3.230916
3.223558
3.222406
3.195536
3.194006
3.191780
3.189072
3.186726
3.184789
3.179882
3.160953
3.156141
3.122678
3.118797
3.114702
3.104638
3.092155
3.090292
3.086006
3.082484
3.078150
3.068357
3.063592
3.056702
3.045469
3.041181
3.037184
3.034923
3.034602
3.033771
3.027347
3.019008
3.016601
3.000764
3.000764
2.999260
2.996339
2.992745
2.983953
2.973546
2.973372
2.971472
2.969932
2.963328
2.956513
2.942028
2.938896
2.912200
2.911301
2.911301
2.909307
2.902775
2.887720
2.856526
2.849662
2.836956
2.836420
2.831713
2.827210
2.827150
2.821906
2.821906
2.821906
2.819561
2.811753
2.810459
2.796319
2.795200
2.777854
2.774530
2.772596
2.753471
2.732583
2.732583
2.732583
2.732583
2.720545
2.719727
2.717744
2.715152
2.688236
2.686264
2.684940
2.674365
2.672414
2.670018
2.667898
2.660359
2.655885
2.652166
2.651325
2.646869
2.643336
2.643336
2.643336
2.641864
2.639828
2.637714
2.633041
2.630096
2.625699
2.605683
2.602404
2.599665
2.598616
2.579565
2.579098
2.575415
2.573718
2.571819
2.556248
2.554170
2.554170
2.547474
2.544268
2.538779
2.534229
2.523917
2.517967
2.514393
2.498457
2.495872
2.484177
2.465090
2.464205
2.459296
2.455123
2.454430
2.443701
2.441004
2.422216
2.419918
2.405845
2.395319
2.388604
2.379090
2.376102
2.375342
2.375296
2.368386
2.367756
2.364910
2.361847
2.358080
2.354317
2.347523
2.344285
2.344087
2.335623
2.325167
2.316851
2.309261
2.308467
2.300571
2.294845
2.287211
2.287211
2.283146
2.276958
2.275486
2.275199
2.273126
2.270844
2.270042
2.259448
2.256915
2.254667
2.253883
2.249533
2.244512
2.244218
2.244047
2.234094
2.224742
2.221428
2.215944
2.206168
2.200887
2.189103
2.186770
2.186371
2.180998
2.178141
2.174943
2.173856
2.170005
2.164019
2.159732
2.154906
2.127865
2.118028
2.112639
2.109751
2.109751
2.109751
2.106509
2.104285
2.101482
2.098431
2.097600
2.089295
2.080382
2.067199
2.054440
2.053800
2.052315
2.048541
2.022298
2.021197
2.020051
2.011478
2.010543
2.008708
2.008062
2.005584
1.994182
1.992015
1.991387
1.969822
1.966505
1.940744
1.938121
1.934592
1.934275
1.932774
1.930061
1.927657
1.922226
1.922101
1.920801
1.914901
1.900469
1.900171
1.895913
1.889457
1.888734
1.888720
1.871450
1.870714
1.862465
1.844491
1.844491
1.842238
1.841865
1.841257
1.837673
1.818701
1.815476
1.815324
1.792368
1.780575
1.778793
1.776609
1.767929
1.762482
1.756361
1.756361
1.756361
1.756361
1.756342
1.750287
1.748117
1.742341
1.739514
1.734993
1.731656
1.730340
1.719346
1.714122
1.702400
1.697834
1.691389
1.668398
1.668398
1.668398
1.667521
1.667261
1.656707
1.645859
1.644354
1.639679
1.634654
1.630317
1.625172
1.600391
1.596517
1.589580
1.580618
1.580618
1.580618
1.580618
1.580618
1.570837
1.566624
1.564836
1.556230
1.555757
1.550405
1.549307
1.533709
1.533691
1.530537
1.525238
1.516963
1.516251
1.508929
1.493039
1.493039
1.486863
1.485621
1.484200
1.470846
1.465999
1.442000
1.434935
1.414246
1.408000
1.405682
1.405682
1.405682
1.405682
1.405682
1.405682
1.405682
1.405682
1.405682
1.404007
1.395352
1.393735
1.393711
1.388404
1.387035
1.383863
1.346922
1.332333
1.318573
1.318573
1.318573
1.318573
1.316771
1.309828
1.305374
1.267244
1.257285
1.254913
1.250061
1.239486
1.233467
1.231742
1.231742
1.231742
1.231358
1.199048
1.180478
1.172775
1.164307
1.153237
1.145223
1.145223
1.145223
1.145223
1.145223
1.142974
1.121644
1.121418
1.115176
1.059059
1.059059
1.059059
1.059059
1.059059
1.059059
1.053689
1.050300
1.046535
1.001001
0.991279
0.981170
0.974098
0.973302
0.973302
0.973302
0.973302
0.973302
0.973302
0.973302
0.972934
0.967301
0.955837
0.928420
0.924098
0.888018
0.888018
0.888018
0.888018
0.888018
0.888018
0.888018
0.888018
0.888018
0.882060
0.881446
0.874873
0.870955
0.866863
0.803568
0.803288
0.803288
0.803288
0.803288
0.803288
0.780308
0.778548
0.773827
0.745575
0.731201
0.727221
0.719216
0.719216
0.719216
0.719216
0.719216
0.715648
0.701431
0.698812
0.675314
0.671697
0.653467
0.635938
0.635938
0.635938
0.635938
0.635938
0.635938
0.635938
0.635938
0.635938
0.635938
0.635938
0.635938
0.632259
0.631513
0.620308
0.618414
0.613383
0.606260
0.580414
0.564413
0.561071
0.553639
0.553639
0.553639
0.553639
0.553639
0.553639
0.553639
0.553639
0.553639
0.553639
0.553639
0.553639
0.553639
0.552207
0.475145
0.474243
0.473534
0.472571
0.472571
0.472571
0.472571
0.472571
0.472571
0.472571
0.472571
0.472571
0.472571
0.472571
0.472571
0.472571
0.409808
0.402666
0.393094
0.393094
0.393094
0.393094
0.393094
0.393094
0.393094
0.393094
0.393094
0.393094
0.393094
0.393094
0.393094
0.393094
0.393094
0.393094
0.393094
0.393094
0.393094
0.393094
0.393094
0.393094
0.393094
0.393094
0.392413
0.387163
0.371338
0.315746
0.315746
0.315746
0.315746
0.315746
0.315746
0.315746
0.315746
0.315746
0.315746
0.315746
0.315746
0.315746
0.315746
0.315487
0.241359
0.241359
0.241359
0.241359
0.241359
0.241359
0.241359
0.241359
0.241359
0.241359
0.241359
0.241359
0.241359
0.179208
0.176596
0.175394
0.171300
0.171300
0.171300
0.171300
0.171300
0.171300
0.171300
0.171300
0.171300
0.171300
0.171300
0.171300
0.171300
0.171300
0.171300
0.171300
0.171300
0.171300
0.171300
0.171300
0.114057
0.108907
0.107914
0.107914
0.107914
0.107914
0.107914
0.107914
0.107914
0.107914
0.107914
0.107914
0.107914
0.107914
0.107914
0.107914
0.107914
0.107914
0.107914
0.060178
0.055256
0.055256
0.055256
0.055256
0.055256
0.055256
0.055256
0.055256
0.055256
0.055256
0.055256
0.055256
0.055256
0.055256
0.055256
0.019263
0.019263
0.019263
0.019263
0.019263
0.019263
0.019263
0.019263
0.019263
0.019263
0.019263
0.019263
0.019263
0.019263
0.019263
0.019263
0.019263
0.019263
0.019263
0.019263
0.019263
0.019263
0.007041
0.005600
0.005600
0.005600
0.005600
0.005600
0.005600
0.005600
0.005600
0.005600
0.005600
0.005600
0.005600
0.005600
0.005600
0.005600
0.005600
0.005600
0.005600
0.005600
0.005600
0.005600
0.005600
0.005600
0.005600
0.005600
0.005600
0.005600
0.005600
0.005600
0.005600
0.005600

/

leaf	area	
&indivlarea		
nodates	=	1
values	=
121.706835
121.674325
121.610865
121.483886
121.467369
121.462288
121.422244
121.396288
121.393859
121.392975
121.372930
121.372157
121.361170
121.358078
121.336545
121.329092
121.315898
121.308832
121.283993
121.277259
121.268704
121.265392
121.240943
121.234762
121.233879
121.205571
121.203143
121.168273
121.165846
121.155143
121.122321
121.100754
121.098217
121.082830
121.082444
121.070917
121.031710
120.957560
120.940968
120.929504
120.772640
120.765370
120.749067
120.726653
120.448987
120.324540
120.135436
120.119945
119.685505
119.639341
119.511588
119.425306
118.761519
118.689269
118.318314
118.291929
118.271815
117.781708
117.176759
117.033139
116.718600
116.135509
114.688842
113.678021
113.597290
113.316642
111.264997
109.634343
109.483151
108.726511
108.206406
108.162721
107.663105
107.074593
103.307072
101.867917
101.457171
100.720089
98.933680
98.780046
98.042350
97.199767
96.423118
95.631349
94.206599
90.853048
90.066271
90.001451
84.640799
83.409732
83.016403
81.392010
77.995651
75.565258
74.145779
71.478834
70.463626
70.363572
63.286826
39.809835
39.708042
39.708042
39.707978
39.675802
38.384914
38.309588
38.269736
38.269736
38.269736
38.025339
36.891684
36.854797
36.854797
36.843723
36.783694
36.761720
36.128683
36.125339
36.120399
36.114043
36.057832
35.983202
35.463407
35.463407
35.463407
35.463049
35.440608
35.379765
34.724407
34.568817
34.300591
34.173051
34.129585
34.101043
34.095687
34.089307
33.937017
33.917545
33.869196
33.670473
33.524897
33.350426
33.213805
32.812372
32.804592
32.751793
32.751793
32.751793
32.561614
32.479184
32.133831
31.843643
31.460890
31.431941
31.431941
31.313110
31.257491
31.112454
30.880182
30.870462
30.647338
30.533517
30.136289
30.136289
30.117418
29.869501
29.864598
29.841403
29.417720
29.334948
29.200243
29.130978
29.011561
28.864998
28.864998
28.864998
28.858536
28.851563
28.782470
28.750347
28.716415
28.653199
28.572610
28.504307
27.958075
27.842914
27.618257
27.486848
27.468194
27.161093
27.143778
26.830400
26.662125
26.619855
26.596277
26.521604
26.506145
26.246193
26.212593
26.129493
26.028572
25.477186
25.342703
25.129873
25.049713
24.828454
24.613274
24.606212
23.221328
24.400862
24.388732
24.378560
24.146892
24.007965
23.847382
22.133148
22.110683
22.022982
21.787515
21.574773
21.403749
21.330377
21.298306
23.143985
21.210386
23.136897
21.203670
21.179674
21.156891
20.930998
20.834207
22.779487
22.779487
22.779487
20.583457
20.583457
20.583457
20.583457
20.583457
20.567839
20.500998
20.492648
20.403171
20.067130
19.751719
19.627332
19.488247
19.418679
19.371223
19.261789
19.260051
19.260051
19.260051
19.232984
18.917530
18.885172
18.706343
18.601918
18.585601
18.207409
18.186008
18.154901
18.117101
18.084391
18.057439
17.989201
17.727415
17.661215
17.205006
17.152553
17.097321
16.961992
16.795041
16.770197
16.713166
16.666359
16.608872
16.479441
16.416693
16.326186
16.179272
16.123396
16.071415
16.042053
16.037878
16.027121
15.943900
15.836293
15.805313
15.602369
15.602369
15.583172
15.545939
15.500205
15.388623
15.257175
15.255002
15.231070
15.211712
15.128786
15.043501
14.863180
14.824367
14.495932
14.484943
14.484943
14.460594
14.380999
14.198566
13.824931
13.743520
13.593559
13.587259
13.531947
13.479176
13.478477
13.417181
13.417181
13.417181
13.389822
13.298956
13.283936
13.120439
13.107552
12.908747
12.870851
12.848834
12.632316
12.398324
12.398324
12.398324
12.398324
12.264651
12.255596
12.233673
12.205045
11.910112
11.888673
11.874299
11.759795
11.738732
11.712920
11.690100
11.609152
11.561283
11.521559
11.512595
11.465164
11.427622
11.427622
11.427622
11.411989
11.390412
11.368044
11.318652
11.287597
11.241321
11.032083
10.998032
10.969628
10.958758
10.762551
10.757767
10.720090
10.702751
10.683379
10.525261
10.504263
10.504263
10.436780
10.404568
10.349544
10.304061
10.201416
10.142479
10.107155
9.950609
9.925344
9.811542
9.627492
9.619003
9.572023
9.532182
9.525576
9.423679
9.398156
9.221544
9.200081
9.069278
8.972155
8.910529
8.823639
8.796460
8.789549
8.789133
8.726481
8.720782
8.695077
8.667447
8.633543
8.599764
8.538949
8.510063
8.508308
8.433068
8.340668
8.267630
8.201284
8.194353
8.125717
8.076146
8.010348
8.010348
7.975433
7.922457
7.909893
7.907440
7.889763
7.870333
7.863515
7.773711
7.752331
7.733392
7.726787
7.690231
7.648148
7.645695
7.644253
7.561281
7.483806
7.456463
7.411354
7.331328
7.288305
7.192875
7.174069
7.170861
7.127656
7.104753
7.079179
7.070487
7.039775
6.992196
6.958230
6.920113
6.708846
6.632950
6.591593
6.569491
6.569491
6.569491
6.544734
6.527782
6.506453
6.483282
6.476980
6.414197
6.347224
6.248927
6.154655
6.149943
6.139035
6.111349
5.920920
5.913007
5.904784
5.843440
5.836778
5.823696
5.819101
5.801486
5.720838
5.705588
5.701171
5.550779
5.527859
5.351749
5.334012
5.310193
5.308057
5.297946
5.279712
5.263578
5.227236
5.226400
5.217730
5.178466
5.083172
5.081206
5.053294
5.011154
5.006443
5.006354
4.894706
4.889983
4.837215
4.723395
4.723395
4.709245
4.706896
4.703080
4.680640
4.562884
4.543046
4.542105
4.402381
4.331600
4.320967
4.307943
4.256449
4.224320
4.188394
4.188394
4.188394
4.188394
4.188281
4.152918
4.140283
4.106778
4.090442
4.064381
4.045216
4.037669
3.974980
3.945388
3.879473
3.853976
3.818156
3.691980
3.691980
3.691980
3.687214
3.685809
3.628789
3.570716
3.562708
3.537890
3.511327
3.488496
3.461532
3.333367
3.313594
3.278354
3.233154
3.233154
3.233154
3.233154
3.233154
3.184252
3.163323
3.154468
3.112044
3.109719
3.083516
3.078158
3.002626
3.002540
2.987404
2.962067
2.922769
2.919403
2.884908
2.810885
2.810885
2.782421
2.776722
2.770203
2.709403
2.687535
2.580792
2.549854
2.460533
2.433938
2.424111
2.424111
2.424111
2.424111
2.424111
2.424111
2.424111
2.424111
2.424111
2.417023
2.380609
2.373840
2.373739
2.351606
2.345914
2.332767
2.182831
2.125235
2.071749
2.071749
2.071749
2.071749
2.064800
2.038168
2.021195
1.879300
1.843245
1.834715
1.817350
1.779837
1.758684
1.752654
1.752654
1.752654
1.751314
1.640629
1.578937
1.553764
1.526360
1.490975
1.465662
1.465662
1.465662
1.465662
1.465662
1.458607
1.392671
1.391984
1.373038
1.209555
1.209555
1.209555
1.209555
1.209555
1.209555
1.194553
1.185139
1.174735
1.053182
1.028241
1.002691
0.985033
0.983059
0.983059
0.983059
0.983059
0.983059
0.983059
0.983059
0.982145
0.968242
0.940311
0.875460
0.865490
0.784861
0.784861
0.784861
0.784861
0.784861
0.784861
0.784861
0.784861
0.784861
0.771993
0.770672
0.756639
0.748344
0.739741
0.614082
0.613560
0.613560
0.613560
0.613560
0.613560
0.571355
0.568196
0.559772
0.510917
0.487066
0.480586
0.467699
0.467699
0.467699
0.467699
0.467699
0.462023
0.439809
0.435786
0.400681
0.395432
0.369599
0.345728
0.345728
0.345728
0.345728
0.345728
0.345728
0.345728
0.345728
0.345728
0.345728
0.345728
0.345728
0.340838
0.339850
0.325232
0.322801
0.316390
0.307444
0.276252
0.257926
0.254191
0.246002
0.246002
0.246002
0.246002
0.246002
0.246002
0.246002
0.246002
0.246002
0.246002
0.246002
0.246002
0.246002
0.244444
0.169002
0.168213
0.167597
0.166761
0.166761
0.166761
0.166761
0.166761
0.166761
0.166761
0.166761
0.166761
0.166761
0.166761
0.166761
0.166761
0.117524
0.112558
0.106101
0.106101
0.106101
0.106101
0.106101
0.106101
0.106101
0.106101
0.106101
0.106101
0.106101
0.106101
0.106101
0.106101
0.106101
0.106101
0.106101
0.106101
0.106101
0.106101
0.106101
0.106101
0.106101
0.106101
0.105649
0.102213
0.092256
0.061949
0.061949
0.061949
0.061949
0.061949
0.061949
0.061949
0.061949
0.061949
0.061949
0.061949
0.061949
0.061949
0.061949
0.061824
0.032025
0.032025
0.032025
0.032025
0.032025
0.032025
0.032025
0.032025
0.032025
0.032025
0.032025
0.032025
0.032025
0.015414
0.014867
0.014620
0.013796
0.013796
0.013796
0.013796
0.013796
0.013796
0.013796
0.013796
0.013796
0.013796
0.013796
0.013796
0.013796
0.013796
0.013796
0.013796
0.013796
0.013796
0.013796
0.013796
0.005080
0.004534
0.004434
0.004434
0.004434
0.004434
0.004434
0.004434
0.004434
0.004434
0.004434
0.004434
0.004434
0.004434
0.004434
0.004434
0.004434
0.004434
0.004434
0.001055
0.000856
0.000856
0.000856
0.000856
0.000856
0.000856
0.000856
0.000856
0.000856
0.000856
0.000856
0.000856
0.000856
0.000856
0.000856
0.000064
0.000064
0.000064
0.000064
0.000064
0.000064
0.000064
0.000064
0.000064
0.000064
0.000064
0.000064
0.000064
0.000064
0.000064
0.000064
0.000064
0.000064
0.000064
0.000064
0.000064
0.000064
0.000001
0.000001
0.000001
0.000001
0.000001
0.000001
0.000001
0.000001
0.000001
0.000001
0.000001
0.000001
0.000001
0.000001
0.000001
0.000001
0.000001
0.000001
0.000001
0.000001
0.000001
0.000001
0.000001
0.000001
0.000001
0.000001
0.000001
0.000001
0.000001
0.000001
0.000001
0.000001

/

!***Phenology of leaf area development
/
